13.675403225806448 309.225
11.905645161290309 198.78750000000002
14.560282258064504 151.28750000000002
51.72520161290322 173.85000000000002
75.61693548387095 202.35000000000002
34.912499999999994 165.53750000000002
16.330040322580643 112.10000000000001
64.9983870967742 129.91250000000002
87.12036290322581 146.53750000000002
64.9983870967742 135.85000000000002
13.675403225806448 61.03750000000001
85.35060483870967 100.22500000000001
145.52237903225804 164.35000000000002
195.0756048387097 230.85000000000002
218.08245967741937 271.225
265.8659274193548 318.725
240.20443548387095 347.225
119.86088709677418 309.225
88.00524193548387 294.975
79.15645161290323 341.2875
24.293951612903214 344.85
64.11350806451611 275.975
88.89012096774192 247.47500000000002
144.6375 280.725
37.56713709677419 375.7250000000001
98.62379032258065 401.8500000000001
173.83850806451613 369.7875
167.64435483870966 308.0375
166.75947580645163 306.85
201.2697580645161 365.0375
232.24052419354837 380.4750000000001
282.6786290322581 399.4750000000001
318.07379032258063 399.4750000000001
353.4689516129032 399.4750000000001
315.41915322580644 374.5375000000001
292.41229838709677 351.975
217.19758064516128 291.4125
152.60141129032257 319.9125
87.12036290322581 370.975
28.718346774193535 374.5375000000001
72.0774193548387 287.85
193.30584677419353 336.5375
260.55665322580643 335.35
242.85907258064515 292.6
283.5635080645161 359.1
326.0377016129032 373.3500000000001
349.929435483871 386.4125000000001
233.12540322580645 297.35
180.91754032258063 258.1625
146.40725806451613 179.78750000000002
215.42782258064517 122.78750000000001
126.93991935483871 51.53750000000001
279.1391129032258 61.03750000000001
208.3487903225806 360.2875
149.06189516129032 308.0375
247.28346774193545 330.6
250.82298387096773 330.6
388.8641129032258 260.5375
287.98790322580646 328.225
330.4620967741935 356.725
241.97419354838706 325.85
180.03266129032255 290.225
-5.791935483870972 210.66250000000002
49.070564516129025 241.53750000000002
61.458870967741916 210.66250000000002
96.8540322580645 210.66250000000002
182.68729838709675 248.66250000000002
215.42782258064517 280.725
252.59274193548384 331.7875
