189.7663306451613 135.85000000000002
174.72338709677416 74.10000000000001
131.364314516129 71.72500000000001
158.79556451612902 95.47500000000001
193.30584677419353 65.78750000000001
251.70786290322582 37.28750000000001
288.8727822580645 69.35000000000001
313.64939516129033 64.60000000000001
330.4620967741935 38.47500000000001
251.70786290322582 24.224999999999994
171.18387096774194 13.537499999999994
144.6375 37.28750000000001
71.19254032258064 53.91250000000001
73.84717741935484 36.10000000000001
146.40725806451613 46.78750000000001
196.8453629032258 72.91250000000001
252.59274193548384 114.47500000000001
262.3264112903226 154.85000000000002
271.1752016129032 215.41250000000002
298.60645161290324 275.975
316.3040322580645 291.4125
343.7352822580645 303.2875
378.24556451612904 240.35000000000002
363.20262096774195 184.53750000000002
327.80745967741933 169.10000000000002
331.3469758064516 243.91250000000002
341.9655241935484 228.47500000000002
346.3899193548387 131.10000000000002
310.10987903225805 104.97500000000001
326.9225806451613 81.22500000000001
371.16653225806454 30.162499999999994
386.2094758064516 47.97500000000001
382.66995967741934 115.66250000000001
382.66995967741934 164.35000000000002
400.3675403225806 241.53750000000002
393.2885080645161 299.725
387.97923387096773 357.9125
387.09435483870965 386.4125000000001
276.4844758064516 350.7875
240.20443548387095 305.6625
86.23548387096773 240.35000000000002
232.24052419354837 118.03750000000001
264.0961693548387 169.10000000000002
295.95181451612905 210.66250000000002
334.0016129032258 152.47500000000002
305.68548387096774 109.72500000000001
263.2112903225806 115.66250000000001
249.93810483870965 137.03750000000002
246.39858870967743 84.78750000000001
315.41915322580644 58.66250000000001
358.7782258064516 44.41250000000001
368.51189516129034 69.35000000000001
377.36068548387095 125.16250000000001
371.16653225806454 184.53750000000002
327.80745967741933 202.35000000000002
305.68548387096774 199.97500000000002
272.0600806451613 208.28750000000002
267.635685483871 173.85000000000002
241.97419354838706 104.97500000000001
166.75947580645163 68.16250000000001
156.14092741935482 102.60000000000001
190.65120967741933 50.35000000000001
206.5790322580645 36.10000000000001
296.8366935483871 26.599999999999994
345.5050403225806 24.224999999999994
372.05141129032256 19.474999999999994
380.01532258064515 21.849999999999994
390.6338709677419 118.03750000000001
371.16653225806454 172.66250000000002
