331.860 64.771 396.510 196.329 0.238 
333.997 69.336 393.069 197.359 0.856 
333.275 64.350 396.262 197.069 0.245 
334.161 67.613 393.245 196.415 0.401 
331.211 63.680 394.060 195.494 0.241 
330.565 64.239 394.151 199.309 0.315 
330.796 69.701 393.537 197.818 0.732 
333.364 68.537 395.114 196.711 0.832 
332.920 70.783 392.255 196.762 0.958 
333.212 70.844 394.032 195.650 0.842 
335.097 71.829 393.553 196.894 0.744 
332.609 70.600 393.390 197.694 0.809 
331.163 66.941 392.026 196.961 0.885 
409.478 91.764 473.384 224.300 0.377 
163.767 94.758 233.298 230.624 0.233 
167.509 99.309 235.070 230.213 0.500 
170.672 102.192 233.226 230.914 0.700 
168.452 98.394 234.827 230.670 0.382 
166.945 97.893 234.725 231.478 0.272 
168.863 96.527 235.968 231.826 0.158 
331.383 69.194 393.650 198.192 0.879 
333.808 69.306 394.134 196.362 0.894 
332.820 69.486 391.762 198.404 0.963 
333.167 69.780 392.757 194.739 0.920 
334.368 71.170 393.419 196.173 0.704 
332.514 71.102 392.159 195.069 0.886 
330.614 69.194 391.108 193.810 0.938 
399.949 84.615 465.277 221.762 0.667 
409.224 96.229 474.737 228.837 0.706 
409.480 99.598 472.728 227.533 0.890 
409.007 96.353 473.996 227.168 0.625 
410.831 96.000 472.450 226.586 0.213 
407.308 91.697 473.000 227.776 0.707 
407.065 90.308 473.805 228.177 0.491 
166.844 101.351 233.049 230.416 0.856 
168.875 101.807 234.008 230.405 0.883 
169.793 104.760 233.819 229.904 0.916 
169.516 102.977 234.373 230.328 0.892 
173.430 106.361 234.690 228.918 0.526 
169.664 103.764 234.633 231.194 0.848 
169.330 102.145 233.546 233.092 0.876 
330.497 71.800 393.320 197.269 0.482 
330.166 75.457 388.478 197.845 0.177 
332.246 71.245 392.220 197.949 0.715 
333.132 70.125 391.635 196.208 0.968 
332.308 70.287 393.061 196.142 0.713 
334.305 72.991 393.432 196.113 0.778 
332.882 72.270 393.769 198.108 0.714 
332.634 69.409 394.342 198.335 0.711 
410.140 92.043 476.658 228.609 0.899 
409.673 99.354 474.139 230.151 0.949 
407.682 100.738 472.662 228.136 0.954 
408.490 100.635 472.812 227.144 0.958 
409.966 101.084 473.874 226.986 0.497 
406.895 97.149 473.386 228.874 0.960 
406.315 94.619 473.704 228.451 0.959 
167.702 101.550 233.974 231.300 0.953 
166.315 107.397 230.710 229.744 0.170 
168.902 99.704 233.979 230.499 0.943 
170.266 105.003 232.107 230.838 0.930 
169.335 103.580 233.010 230.622 0.934 
172.823 105.732 233.830 228.341 0.584 
169.507 103.750 233.141 230.585 0.919 
168.787 103.617 232.689 231.193 0.953 
331.740 70.412 391.637 198.320 0.906 
334.691 75.086 394.949 199.080 0.373 
409.179 95.201 477.634 232.799 0.916 
407.964 95.156 474.388 231.642 0.974 
408.271 100.606 471.605 228.999 0.955 
407.813 99.651 471.785 227.919 0.970 
409.568 102.090 472.845 227.250 0.366 
406.519 99.784 471.600 228.818 0.971 
405.573 97.715 471.964 229.785 0.980 
75.315 148.775 145.321 276.290 0.551 
78.294 153.258 142.791 275.020 0.880 
76.905 150.272 145.161 275.287 0.421 
78.476 152.486 142.628 275.632 0.663 
75.486 150.049 144.079 275.379 0.398 
76.406 151.680 144.481 274.011 0.502 
167.262 102.136 235.383 232.502 0.829 
167.026 107.624 230.556 230.214 0.323 
168.897 102.602 233.755 231.089 0.883 
170.711 104.013 232.063 230.407 0.960 
169.018 102.579 233.427 232.135 0.863 
172.774 107.659 233.983 228.830 0.814 
170.017 104.952 234.364 231.956 0.877 
170.065 106.316 233.412 232.379 0.887 
262.597 161.255 324.429 278.610 0.250 
407.796 96.562 476.656 233.336 0.599 
407.508 103.962 469.820 228.405 0.201 
408.052 97.607 474.340 230.544 0.911 
408.909 98.768 472.431 228.954 0.961 
408.279 97.977 473.239 230.375 0.885 
410.518 101.943 473.937 228.930 0.451 
407.267 98.384 472.480 230.932 0.921 
406.888 100.186 472.578 230.286 0.838 
76.401 150.040 142.624 276.081 0.609 
75.888 154.441 143.176 274.094 0.971 
77.345 156.100 143.485 272.915 0.976 
77.638 155.068 144.402 273.275 0.950 
78.106 154.744 144.511 275.565 0.926 
77.013 154.431 143.927 275.080 0.960 
76.145 155.827 143.775 274.773 0.982 
75.337 149.958 145.676 279.173 0.185 
168.046 101.815 237.401 232.003 0.326 
170.467 104.437 232.935 231.392 0.947 
167.420 105.800 235.010 232.823 0.287 
174.233 109.862 235.068 232.402 0.538 
169.022 108.233 235.725 233.336 0.313 
262.629 161.326 326.111 282.455 0.288 
262.298 166.940 321.691 281.095 0.560 
261.844 164.595 324.998 279.764 0.286 
263.058 166.498 322.914 280.957 0.931 
261.692 164.184 325.294 281.295 0.398 
260.824 162.854 324.357 282.867 0.278 
406.805 97.766 476.895 232.491 0.289 
408.744 98.931 472.637 230.961 0.888 
407.744 100.961 475.226 233.082 0.189 
412.837 105.461 475.464 232.462 0.168 
406.564 98.189 474.831 233.332 0.238 
76.111 153.641 142.436 275.385 0.825 
77.636 154.223 143.404 272.860 0.980 
77.244 153.995 143.096 273.704 0.975 
77.304 154.783 143.410 274.780 0.977 
77.651 153.952 144.370 275.426 0.928 
77.158 153.904 144.557 275.039 0.981 
75.717 155.071 143.927 274.019 0.993 
74.277 150.412 144.447 279.413 0.596 
262.098 165.567 324.488 283.065 0.763 
262.404 169.215 321.466 281.503 0.852 
261.863 167.257 322.947 281.945 0.692 
262.702 169.122 321.530 280.186 0.958 
261.520 167.099 323.259 279.270 0.712 
264.641 170.020 323.537 278.132 0.255 
260.545 165.617 323.096 282.516 0.789 
260.185 161.554 323.768 282.543 0.692 
73.445 155.378 142.449 276.246 0.286 
77.571 155.530 144.344 273.502 0.945 
77.006 153.914 144.185 273.293 0.977 
77.087 156.120 145.041 274.926 0.955 
77.567 153.897 144.522 274.784 0.958 
76.798 154.643 144.043 275.136 0.956 
76.068 155.562 144.162 274.023 0.983 
79.632 152.844 148.832 278.352 0.181 
261.063 164.666 323.887 284.498 0.852 
261.703 167.866 320.629 281.126 0.823 
260.815 165.071 321.945 282.882 0.752 
262.967 167.860 321.573 280.322 0.967 
260.528 166.091 322.121 280.886 0.710 
263.973 170.863 323.423 279.907 0.287 
260.293 166.929 321.869 282.477 0.825 
260.825 163.639 323.777 283.854 0.551 
75.987 157.448 145.185 274.986 0.262 
77.496 154.537 143.200 274.741 0.865 
75.416 156.388 145.093 276.566 0.280 
79.763 154.140 144.672 275.221 0.673 
77.593 156.617 145.339 277.277 0.205 
77.163 155.942 147.434 277.045 0.274 
259.400 161.059 323.073 285.819 0.429 
261.720 167.008 320.629 281.711 0.761 
260.254 165.597 324.171 285.125 0.342 
262.488 165.920 321.303 282.531 0.966 
259.738 167.418 323.123 284.792 0.346 
264.449 173.811 324.559 282.751 0.167 
259.240 166.732 322.248 283.923 0.492 
263.027 170.860 321.940 285.042 0.360 
320.395 318.061 394.131 454.496 0.575 
321.813 321.601 394.470 455.271 0.722 
322.856 325.182 391.851 454.467 0.613 
321.708 321.407 394.302 455.507 0.774 
319.475 321.623 393.377 457.103 0.809 
320.464 314.175 396.060 456.742 0.299 
196.695 341.681 266.919 480.292 0.193 
199.873 344.763 264.932 483.165 0.617 
196.941 343.293 265.562 479.426 0.174 
321.677 324.449 393.935 456.073 0.979 
321.003 329.636 392.183 453.995 0.438 
321.207 324.566 394.572 455.969 0.974 
321.687 327.592 393.175 454.387 0.836 
320.365 323.567 393.984 455.616 0.975 
319.558 323.713 393.359 457.745 0.983 
319.817 321.393 394.105 455.697 0.936 
491.773 333.103 564.068 476.296 0.646 
493.436 338.548 559.455 475.657 0.389 
493.587 333.639 563.117 476.628 0.587 
495.183 337.951 561.199 475.799 0.375 
493.141 332.850 562.803 475.203 0.543 
492.852 332.180 561.755 475.698 0.632 
60.892 354.269 132.710 483.714 0.741 
62.598 358.427 130.234 482.878 0.667 
61.954 356.798 132.079 483.370 0.750 
62.981 358.154 131.419 481.501 0.813 
61.274 355.582 133.028 482.942 0.768 
61.247 355.258 132.833 482.808 0.745 
198.331 343.567 264.195 481.717 0.726 
199.476 349.571 261.967 481.716 0.176 
199.295 346.127 265.069 481.736 0.832 
200.954 351.190 264.076 481.775 0.943 
199.537 346.617 265.461 481.421 0.856 
203.211 349.139 265.360 481.361 0.377 
199.500 345.510 264.468 480.431 0.858 
200.227 344.299 264.923 479.536 0.723 
319.635 322.149 392.182 459.018 0.353 
321.095 325.102 393.671 455.930 0.994 
321.114 327.655 392.125 455.220 0.492 
320.729 322.470 393.043 457.268 0.988 
321.177 327.024 393.289 455.713 0.865 
320.062 323.719 394.012 455.769 0.987 
319.080 324.222 392.359 456.278 0.992 
318.728 323.688 392.555 456.702 0.984 
489.773 333.324 558.409 474.462 0.484 
494.331 336.276 562.406 477.111 0.932 
494.094 342.585 560.486 475.623 0.623 
494.088 337.285 562.615 477.235 0.899 
496.990 343.232 561.293 474.490 0.670 
493.978 337.190 562.192 476.172 0.897 
493.065 336.184 562.008 476.067 0.958 
494.768 332.110 564.549 476.390 0.490 
60.058 354.669 131.430 483.935 0.550 
60.851 357.297 130.873 484.396 0.980 
61.585 361.083 130.361 481.690 0.903 
61.667 359.663 131.217 482.612 0.961 
62.693 360.059 131.117 482.487 0.911 
60.888 358.653 131.229 483.688 0.953 
60.716 357.717 132.028 484.028 0.971 
62.718 350.916 132.830 483.947 0.689 
198.561 348.091 264.640 480.908 0.969 
199.766 353.892 261.880 481.426 0.200 
199.678 348.012 265.004 481.987 0.965 
200.845 350.435 263.671 481.059 0.970 
200.494 348.945 264.195 479.179 0.974 
202.958 350.858 265.439 479.260 0.455 
199.357 347.287 263.968 480.068 0.976 
199.537 345.084 263.750 479.467 0.973 
322.309 323.445 394.911 456.452 0.981 
319.836 327.262 391.010 455.332 0.672 
320.095 323.174 393.786 458.201 0.979 
321.114 326.727 392.373 454.683 0.951 
319.332 325.222 392.878 456.064 0.976 
323.541 332.318 394.846 453.931 0.164 
318.875 324.186 393.524 457.248 0.991 
319.671 326.107 393.350 457.389 0.892 
490.382 337.384 558.466 475.245 0.808 
494.832 335.635 561.935 475.919 0.971 
494.471 342.902 559.515 475.245 0.800 
494.429 338.669 560.621 475.572 0.963 
496.324 342.908 561.160 474.736 0.733 
494.348 337.822 561.497 475.205 0.956 
493.231 338.057 561.106 474.959 0.981 
494.852 335.416 563.747 476.048 0.707 
59.586 356.930 130.715 485.959 0.829 
60.789 357.510 130.725 484.878 0.988 
61.536 360.125 129.922 483.575 0.876 
59.916 357.273 130.800 485.829 0.980 
62.352 360.454 130.267 481.702 0.920 
59.998 359.237 130.425 483.989 0.964 
60.134 359.528 129.892 483.692 0.987 
62.453 355.083 132.436 485.507 0.792 
199.904 348.637 264.380 481.612 0.962 
199.751 352.201 261.122 481.903 0.196 
200.677 347.208 263.672 482.145 0.965 
201.314 349.388 262.362 481.646 0.962 
200.695 348.593 263.002 479.361 0.970 
203.249 351.015 264.162 479.856 0.306 
199.445 348.282 262.009 480.170 0.970 
199.505 346.843 263.027 480.379 0.970 
320.366 323.163 394.198 456.950 0.457 
319.978 330.469 390.411 456.487 0.343 
319.598 324.016 395.645 457.828 0.823 
321.828 325.404 393.017 457.503 0.881 
319.774 326.048 394.474 457.945 0.808 
318.565 325.133 394.797 457.660 0.866 
488.613 339.367 558.122 476.976 0.461 
495.106 337.011 561.822 476.690 0.937 
494.342 340.767 559.322 474.756 0.770 
494.856 338.836 561.064 475.157 0.933 
495.477 343.233 560.137 474.034 0.689 
493.418 339.334 560.186 475.336 0.910 
493.419 339.709 560.608 474.367 0.968 
495.047 339.980 563.896 477.603 0.386 
57.990 357.843 129.978 487.544 0.338 
61.038 357.881 131.473 487.526 0.970 
60.538 359.675 129.222 483.711 0.922 
59.628 359.237 130.215 486.885 0.944 
62.343 358.912 130.023 483.822 0.940 
59.708 360.511 128.951 486.936 0.933 
60.002 361.029 130.183 486.418 0.977 
61.322 359.290 135.135 488.055 0.309 
198.411 348.995 263.272 481.013 0.638 
198.786 353.227 260.575 480.631 0.340 
200.456 350.509 264.006 480.678 0.763 
201.431 348.305 262.550 480.428 0.964 
200.718 348.797 264.298 481.253 0.785 
204.179 351.392 264.770 480.652 0.376 
200.748 348.821 263.314 482.408 0.824 
201.259 351.853 264.333 481.920 0.493 
493.044 338.699 562.668 476.801 0.536 
494.496 343.383 557.935 475.785 0.744 
492.951 339.869 561.868 477.390 0.574 
496.511 343.424 560.477 476.111 0.673 
494.218 341.142 562.222 476.921 0.597 
493.590 340.517 562.672 476.283 0.703 
59.394 358.973 131.740 488.343 0.558 
59.905 359.122 128.482 487.391 0.740 
58.930 360.374 131.114 488.874 0.573 
63.746 357.802 130.427 487.884 0.719 
60.043 361.655 131.022 489.039 0.524 
59.099 361.463 132.899 489.276 0.588 
200.185 351.296 261.982 482.739 0.693 
