4.758064516129032 13.755411255411257
4.07258064516129 12.564935064935066
4.07258064516129 12.294372294372296
3.588709677419355 11.645021645021647
2.782258064516129 12.727272727272728
1.653225806451613 11.6991341991342
2.137096774193548 8.073593073593074
3.669354838709677 7.0995670995671
3.185483870967742 6.883116883116884
2.741935483870968 5.313852813852815
4.112903225806452 4.880952380952381
2.540322580645161 3.9610389610389616
3.145161290322581 2.554112554112554
5.443548387096775 3.041125541125541
6.290322580645161 3.5822510822510827
7.701612903225807 3.41991341991342
10.241935483870968 3.41991341991342
10.725806451612904 0.9848484848484849
11.774193548387096 3.14935064935065
10.927419354838708 3.41991341991342
14.032258064516128 3.5281385281385287
14.193548387096772 3.14935064935065
14.516129032258064 5.963203463203463
14.677419354838708 6.071428571428571
16.532258064516128 3.6904761904761907
15.927419354838708 4.6103896103896105
19.314516129032256 10.77922077922078
17.983870967741936 9.913419913419915
18.951612903225804 7.74891774891775
19.39516129032258 9.264069264069265
15.524193548387096 13.538961038961041
15.967741935483868 14.296536796536799
16.33064516129032 15.162337662337663
14.112903225806452 15.541125541125542
13.467741935483868 15.865800865800868
11.169354838709676 16.02813852813853
10.887096774193548 17.110389610389614
10.766129032258064 18.13852813852814
9.596774193548388 17.48917748917749
9.274193548387096 16.83982683982684
8.79032258064516 16.515151515151516
8.588709677419356 16.461038961038962
4.959677419354839 16.02813852813853
4.798387096774193 14.134199134199136
3.911290322580645 13.322510822510825
4.475806451612903 16.136363636363637
6.169354838709677 17.110389610389614
8.024193548387096 17.380952380952383
9.35483870967742 17.543290043290046
10.846774193548388 18.51731601731602
12.338709677419356 17.110389610389614
12.943548387096772 16.136363636363637
14.233870967741936 16.515151515151516
14.677419354838708 16.352813852813856
16.29032258064516 14.72943722943723
16.653225806451612 13.160173160173162
17.903225806451612 12.835497835497836
18.79032258064516 10.183982683982686
18.427419354838708 8.885281385281386
18.064516129032256 7.207792207792208
18.104838709677416 5.25974025974026
18.427419354838708 4.4480519480519485
17.338709677419352 3.8528138528138527
16.209677419354836 2.445887445887446
13.10483870967742 1.1471861471861473
9.516129032258064 1.1471861471861473
6.249999999999999 3.41991341991342
4.314516129032258 3.7445887445887447
2.540322580645161 7.424242424242426
2.379032258064516 8.235930735930737
1.935483870967742 10.941558441558442
1.411290322580645 12.34848484848485
2.17741935483871 13.647186147186147
4.07258064516129 15.324675324675326
5.201612903225807 14.404761904761905
6.209677419354839 15.162337662337663
8.467741935483872 16.40692640692641
10.403225806451612 17.002164502164504
12.177419354838708 15.487012987012989
13.75 15.757575757575758
16.209677419354836 12.889610389610391
17.177419354838708 10.292207792207794
17.137096774193548 7.532467532467534
16.612903225806452 5.043290043290043
18.104838709677416 4.231601731601732
10.967741935483872 4.177489177489178
9.677419354838708 3.041125541125541
8.266129032258064 2.337662337662338
5.120967741935483 4.772727272727273
4.758064516129032 5.963203463203463
4.637096774193548 8.614718614718615
7.620967741935483 9.04761904761905
9.879032258064516 7.478354978354979
10.927419354838708 9.967532467532468
10.04032258064516 10.887445887445889
13.18548387096774 9.696969696969697
7.620967741935483 16.190476190476193
6.572580645161291 15.649350649350652
4.919354838709677 14.404761904761905
2.862903225806452 10.833333333333334
