6.088709677419355 12.34848484848485
5.806451612903225 11.32034632034632
5.846774193548387 10.346320346320347
5.927419354838709 9.318181818181818
6.612903225806451 8.885281385281386
6.975806451612903 8.885281385281386
7.056451612903225 8.885281385281386
7.943548387096775 7.9112554112554125
7.943548387096775 7.9112554112554125
8.75 7.965367965367966
8.75 7.965367965367966
8.18548387096774 7.261904761904763
8.70967741935484 7.478354978354979
9.153225806451612 7.694805194805195
9.516129032258064 7.424242424242426
9.39516129032258 6.504329004329005
9.112903225806452 5.963203463203463
10.241935483870968 6.612554112554113
10.443548387096772 6.666666666666668
11.612903225806452 6.45021645021645
11.814516129032256 6.612554112554113
13.024193548387096 7.586580086580087
13.629032258064516 8.073593073593074
13.951612903225804 9.101731601731602
13.709677419354836 10.562770562770563
11.451612903225808 11.212121212121213
10.080645161290324 9.480519480519481
7.741935483870967 10.941558441558442
8.911290322580644 12.294372294372296
10.161290322580644 11.536796536796539
10.524193548387096 10.562770562770563
10.120967741935484 12.673160173160175
9.233870967741936 13.106060606060607
11.411290322580644 13.538961038961041
12.258064516129032 10.238095238095239
12.258064516129032 10.183982683982686
13.991935483870968 11.374458874458876
12.298387096774192 13.701298701298704
11.411290322580644 13.755411255411257
10.362903225806452 10.616883116883118
8.427419354838708 9.534632034632036
8.14516129032258 8.993506493506494
8.14516129032258 7.694805194805195
4.395161290322581 6.55844155844156
6.048387096774193 4.6103896103896105
9.475806451612904 3.41991341991342
15.7258064516129 4.826839826839827
16.411290322580644 8.506493506493507
10.806451612903224 9.534632034632036
10.201612903225808 8.885281385281386
8.75 9.58874458874459
8.79032258064516 9.913419913419915
9.153225806451612 9.318181818181818
10.161290322580644 10.400432900432902
9.112903225806452 9.264069264069265
7.540322580645161 11.374458874458876
10.120967741935484 11.753246753246755
12.177419354838708 9.805194805194807
11.814516129032256 11.103896103896105
12.822580645161288 11.915584415584417
12.379032258064516 9.372294372294373
8.79032258064516 9.85930735930736
10.483870967741936 11.103896103896105
15.403225806451612 17.21861471861472
11.129032258064516 17.70562770562771
10.806451612903224 10.454545454545455
8.427419354838708 11.645021645021647
9.35483870967742 10.454545454545455
10.201612903225808 10.77922077922078
9.879032258064516 10.670995670995673
9.072580645161292 10.129870129870131
10.120967741935484 9.696969696969697
10.322580645161292 10.50865800865801
8.467741935483872 10.400432900432902
8.75 9.58874458874459
7.862903225806451 12.186147186147187
12.661290322580644 12.889610389610391
13.79032258064516 10.670995670995673
13.870967741935484 8.777056277056278
11.774193548387096 8.073593073593074
9.677419354838708 10.129870129870131
9.798387096774192 11.915584415584417
10.362903225806452 13.755411255411257
8.427419354838708 11.915584415584417
8.10483870967742 9.967532467532468
8.064516129032256 8.01948051948052
9.072580645161292 6.396103896103897
10.443548387096772 5.963203463203463
12.620967741935484 5.963203463203463
14.274193548387096 7.640692640692642
14.717741935483868 9.696969696969697
13.83064516129032 11.807359307359308
12.096774193548388 12.673160173160175
11.169354838709676 10.616883116883118
8.830645161290324 9.101731601731602
7.338709677419355 6.774891774891776
8.266129032258064 6.233766233766234
9.798387096774192 7.478354978354979
10.68548387096774 9.805194805194807
8.387096774193548 10.670995670995673
