0 0.24528301886792453 0.22584033613445378 0.06132075471698113 0.25
0 0.41096698113207547 0.5892857142857143 0.1214622641509434 0.5567226890756303
0 0.4221698113207547 0.15021008403361344 0.051886792452830184 0.17436974789915966
0 0.4522405660377358 0.41701680672268904 0.10495283018867924 0.4096638655462185
0 0.5265330188679245 0.7489495798319328 0.12382075471698113 0.35084033613445376
0 0.5106132075471698 0.2584033613445378 0.06367924528301887 0.2226890756302521
0 0.5300707547169811 0.20903361344537813 0.05542452830188679 0.23739495798319327
0 0.5919811320754716 0.2079831932773109 0.06367924528301887 0.24369747899159663
0 0.6633254716981132 0.21638655462184872 0.1025943396226415 0.2815126050420168
0 0.6792452830188679 0.4779411764705882 0.09433962264150943 0.28361344537815125
0 0.8290094339622641 0.20378151260504201 0.07783018867924528 0.3067226890756302
