0.000000
15.512954
24.090255
68.990862
74.397948
69.229214
53.578732
39.376676
0.000000
43.422599
0.000000
34.802952
46.684096
45.679491
12.692084
0.000000
65.231074
29.392249
3.889062
0.000000
22.461158
0.000000
35.599669
0.000000
0.000000
11.714567
48.401721
70.949087
63.644936
75.200851
23.258787
76.286747
52.785636
8.613512
0.000000
0.000000
25.854249
65.857574
26.960368
75.781128
43.696254
54.174247
67.696780
71.619707
74.145642
73.091742
48.088947
77.325115
13.501078
0.000000
20.523074
51.011385
62.475972
0.000000
46.039743
41.284026
0.000000
5.651470
10.109294
63.376792
21.457095
6.320752
30.075211
0.000000
82.982734
0.000000
0.000000
24.826624
5.909674
0.000000
80.121283
0.000000
0.000000
52.089830
11.035278
0.000000
12.523344
30.570702
79.167437
20.566985
44.745110
11.339054
42.369320
0.000000
18.563120
76.235330
0.000000
66.044178
0.000000
11.324710
48.724455
36.651332
0.000000
30.248805
0.000000
32.255680
0.000000
42.538559
50.188909
0.000000
10.234731
6.724372
10.088204
46.682362
7.557460
48.616157
79.847479
43.661389
35.737359
0.000000
15.821826
0.000000
12.564926
12.802733
67.090452
46.920149
0.000000
0.000000
0.000000
40.338481
91.372460
58.559098
0.000000
52.154629
25.723920
10.712713
74.958264
0.000000
15.242823
42.497069
0.000000
22.538785
40.049851
0.000000
84.913785
33.810647
60.613384
56.326748
0.000000
0.000000
6.153192
43.997703
44.776381
65.451990
0.000000
56.161239
0.000000
11.469738
33.111796
5.325991
0.000000
62.748812
0.000000
68.531241
81.400620
71.450729
0.000000
62.580036
0.000000
58.753804
0.000000
12.158282
49.973084
27.122913
31.170624
0.000000
53.281984
53.175194
62.921171
50.186596
22.217464
85.018067
19.914752
8.059516
85.485629
27.913933
79.878421
57.388157
85.228148
0.000000
85.995805
40.352299
6.916940
0.000000
14.884889
0.000000
29.918572
0.000000
0.000000
0.000000
78.157017
36.783047
64.205636
71.784258
5.069478
62.735682
46.326150
9.471746
5.003953
68.368530
91.083130
75.761543
41.031767
0.000000
12.300227
0.000000
0.000000
48.468206
0.000000
26.665408
7.205307
5.544365
76.066731
7.692347
73.310072
12.116677
10.139264
67.963204
72.249092
70.839863
64.725852
31.277514
0.000000
0.000000
82.732898
55.520005
70.880316
52.924355
33.283198
0.000000
87.826745
0.000000
0.000000
0.000000
14.344775
59.740324
0.000000
53.951335
0.000000
-0.194607
4.326856
41.367301
47.802511
4.495169
47.285872
0.000000
0.000000
50.123246
0.000000
79.959448
12.564946
35.415635
0.000000
34.315395
0.000000
63.690729
6.601377
0.000000
33.494259
42.614722
0.000000
75.292906
72.057502
64.626389
18.028580
50.401208
12.654106
59.873965
0.000000
41.479052
38.188771
34.439398
72.814421
48.528157
0.000000
32.754563
57.088576
28.944996
0.000000
10.226304
0.000000
33.240481
32.009866
-2.640015
10.554132
33.585538
45.829013
9.174184
67.837712
30.002609
3.214264
53.385979
0.000000
21.662276
0.000000
48.869213
-0.127713
16.917691
12.004961
36.604171
5.514116
51.396038
0.000000
53.279683
72.324234
89.530046
67.778117
43.039556
0.000000
28.507934
46.146809
64.182402
42.576243
0.000000
0.000000
36.284649
42.043200
78.975687
48.374699
58.589684
14.621951
0.000000
3.921213
5.308644
19.871605
42.271400
81.202694
10.252516
14.726131
37.780618
67.402781
33.966356
3.219737
25.838179
53.616120
0.000000
40.313193
36.936773
0.000000
0.000000
0.000000
0.000000
8.406882
24.492693
0.000000
36.467792
13.720589
46.661554
0.000000
0.000000
91.858523
0.000000
91.830729
90.069099
52.323928
76.556137
11.018019
89.842281
11.715638
0.000000
72.355351
8.623103
0.000000
9.808300
94.529752
0.000000
0.000000
14.731574
0.000000
6.837113
8.547931
100.240914
26.185667
100.917090
92.905119
63.468634
27.261974
8.066866
55.044429
0.000000
97.508774
0.000000
59.649189
13.703159
0.000000
91.343500
95.518485
90.434209
88.142347
28.821989
108.772574
58.335171
95.038599
75.990023
11.312093
0.000000
83.553293
18.143108
0.000000
0.000000
19.465821
70.502444
90.007847
89.890625
25.222786
0.000000
91.246640
78.167823
0.000000
84.886098
92.525209
26.718213
89.234417
91.617478
83.033589
0.000000
0.000000
0.000000
93.036533
0.000000
34.606445
97.246775
91.590670
94.634566
16.644123
95.808044
63.307613
88.920483
0.000000
28.550255
89.642233
88.220933
11.739932
70.024638
0.000000
88.773669
97.428102
0.000000
0.000000
85.987165
14.430548
102.700822
20.934069
101.272863
92.652699
0.000000
88.669259
93.813534
0.000000
99.971998
0.000000
32.713132
17.780630
0.000000
15.783100
73.104802
90.884345
13.033490
93.199746
87.780824
29.046540
64.761941
44.781931
105.364168
18.148429
28.910344
67.626518
15.537141
63.027447
33.448246
23.038582
46.191362
21.927888
14.775416
93.913554
40.795948
51.406685
35.321768
13.494986
111.774694
61.681002
29.051609
109.627084
94.034816
49.834234
61.626142
47.727413
58.410456
74.635685
33.197027
27.514599
60.279654
102.723685
94.410090
38.087798
71.212182
28.617188
66.531650
71.760213
48.059939
100.238784
107.650331
20.295948
72.845618
26.989634
37.341496
104.408016
34.502917
75.245808
79.436132
73.835030
97.512095
95.343701
20.527485
36.475637
35.644585
97.699577
106.369857
11.037306
97.656982
78.470854
62.929707
41.035511
18.611095
70.949989
99.459105
47.448425
45.829079
61.615809
41.316958
63.459319
45.004328
69.027544
54.628060
15.271352
20.007483
94.204868
15.388647
55.067531
97.269472
21.610529
21.195283
71.540371
31.249875
13.666943
57.393055
105.101664
39.106141
57.538603
39.713467
67.194378
69.065351
73.545836
106.817590
23.508407
69.260054
65.706984
13.266840
12.137834
38.595688
11.166483
50.194325
22.884871
99.661529
93.868592
77.633449
33.633710
55.535576
58.660342
51.670244
43.298016
62.690957
97.924692
35.707956
57.985728
67.465342
28.797345
37.944107
65.078290
69.449724
76.090819
70.589762
63.306300
61.463718
15.998466
63.703343
15.147109
62.991298
64.697019
70.503277
89.073335
38.085101
13.772810
70.645030
67.639681
106.173357
102.015448
22.149317
52.698632
65.206262
64.806134
23.365933
61.988534
63.451830
98.270703
0.000000
0.000000
0.000000
0.000000
0.000000
0.000000
0.000000
0.000000
0.000000
0.000000
0.000000
0.000000
0.000000
0.000000
0.000000
0.000000
0.000000
0.000000
0.000000
0.000000
0.000000
0.000000
0.000000
0.000000
0.000000
0.000000
0.000000
0.000000
0.000000
42.127765
37.462720
43.264560
19.510097
72.829422
54.795850
28.459239
28.180913
23.835067
89.723747
83.269540
23.747801
30.514445
33.317365
43.371393
63.381935
88.253415
32.288794
53.173082
41.468373
39.157564
47.539840
19.819566
93.408655
60.859089
43.117523
32.455335
22.963593
29.707113
50.782891
52.168093
20.421701
37.069669
46.758615
29.946921
49.388732
55.798597
49.572581
35.163419
59.727976
64.240804
37.613453
41.362984
26.588237
21.680339
21.371736
48.377798
57.040994
35.511076
46.665014
21.907664
68.540581
59.567815
59.075941
50.300022
37.036638
53.613272
72.873949
43.224948
20.198885
26.810425
33.289588
18.638782
38.730110
41.545772
58.912491
22.838978
64.716293
79.759024
75.364972
20.381732
47.862371
60.106972
40.949530
42.418405
40.316163
40.772538
67.583980
38.207970
42.393658
46.510611
21.322051
64.735223
26.214191
56.267384
37.337749
38.073070
65.582756
30.699920
20.696425
48.863746
22.858511
45.654071
24.308645
17.156424
21.419440
52.899216
26.937979
59.437682
55.990997
26.079483
33.024574
41.622021
90.831443
69.295590
27.438143
73.063249
20.981211
43.648690
43.593002
25.460839
29.841331
45.109717
52.283258
57.781212
86.274447
84.555642
70.261126
40.384634
71.844536
74.667043
38.009056
61.346820
64.717109
68.016633
36.500022
53.305641
58.029158
29.318469
49.540617
55.584211
64.125255
24.912864
48.955645
47.963221
30.421693
17.750596
73.017913
64.559456
39.758968
56.674485
30.519428
33.842230
72.070385
22.310277
0.000000
0.000000
0.000000
0.000000
0.000000
0.000000
0.000000
0.000000
0.000000
0.000000
0.000000
0.000000
0.000000
0.000000
0.000000
0.000000
0.000000
0.000000
0.000000
0.000000
0.000000
0.000000
0.000000
0.000000
0.000000
0.000000
0.000000
0.000000
0.000000
75.698345
72.389234
70.141863
21.236876
13.035300
61.918847
51.552413
83.148406
63.123963
5.932763
72.195536
46.157222
10.620057
19.717544
10.833355
65.824978
54.373331
81.017971
41.922178
22.000588
78.399764
62.589209
47.031506
54.393503
13.649609
67.114033
10.904307
15.804461
16.145173
7.247282
99.586513
52.327718
33.162146
10.492456
48.840840
54.765029
95.774094
30.780235
34.074252
16.429122
47.907797
58.419390
7.234500
20.695027
3.391634
84.353989
99.040906
57.117061
13.315534
14.480617
84.844055
102.670471
49.219869
11.099089
16.083409
49.804950
76.035570
95.957783
9.426468
14.523195
75.735464
73.802843
20.510662
10.139031
87.909724
59.220409
73.461848
69.505879
89.796116
8.049363
97.876286
22.841369
36.836807
11.021255
10.886886
97.930054
46.613977
45.771721
57.012113
6.827347
48.853212
41.631702
24.486864
19.021435
54.569908
90.827151
75.449723
59.172591
31.059872
45.105967
55.630835
81.443210
38.386448
46.661367
58.499516
96.010070
71.358319
20.898734
60.484040
64.716227
60.849734
37.963931
67.648008
9.516794
12.867990
64.702467
57.327341
55.594121
30.886194
9.347556
54.352983
70.077863
54.524169
33.721833
29.190696
101.108253
78.216460
60.848636
8.316406
86.772784
60.250016
68.145229
41.420847
15.137590
7.880272
72.894737
21.246271
21.111399
8.934551
9.347234
104.704922
101.319223
15.035607
17.103474
38.976725
65.495159
48.792584
27.265533
7.027264
9.283473
71.642248
53.052978
35.233144
56.341156
34.050219
0.000000
0.000000
0.000000
0.000000
0.000000
0.000000
0.000000
0.000000
0.000000
0.000000
0.000000
0.000000
0.000000
0.000000
0.000000
0.000000
0.000000
0.000000
0.000000
0.000000
0.000000
0.000000
0.000000
0.000000
0.000000
0.000000
0.000000
0.000000
0.000000
