0 0.221875 0.5305555555555556 0.090625 0.17083333333333334
0 0.05703125 0.8361111111111111 0.0578125 0.15555555555555556
0 0.60859375 0.8902777777777777 0.04765625 0.2013888888888889
0 0.91015625 0.19444444444444445 0.05 0.2125
0 0.975 0.6736111111111112 0.04921875 0.18888888888888888
0 0.1453125 0.5263888888888889 0.04140625 0.1597222222222222
0 0.31171875 0.3055555555555556 0.03359375 0.20555555555555555
0 0.7390625 0.7375 0.04375 0.1625
0 0.36953125 0.6125 0.0375 0.1763888888888889
0 0.6296875 0.16111111111111112 0.04375 0.15
0 0.7953125 0.5611111111111111 0.04140625 0.16111111111111112
0 0.78671875 0.40694444444444444 0.0390625 0.14583333333333334
0 0.4078125 0.44166666666666665 0.03125 0.15
0 0.61484375 0.4791666666666667 0.03515625 0.11944444444444445
0 0.3828125 0.24583333333333332 0.028125 0.13194444444444445
0 0.48359375 0.09027777777777778 0.021875 0.18055555555555555
0 0.52734375 0.1736111111111111 0.0328125 0.13055555555555556
0 0.7359375 0.06388888888888888 0.028125 0.12916666666666668
0 0.95390625 0.21944444444444444 0.03125 0.12777777777777777
0 0.06015625 0.17083333333333334 0.0265625 0.11527777777777778
0 0.4515625 0.11527777777777778 0.02265625 0.125
0 0.68203125 0.04722222222222222 0.03203125 0.09583333333333334
0 0.20703125 0.05277777777777778 0.0296875 0.10694444444444444
0 0.1421875 0.06666666666666667 0.028125 0.1111111111111111
0 0.578125 0.10972222222222222 0.028125 0.10416666666666667
0 0.85390625 0.06388888888888888 0.0265625 0.10416666666666667
0 0.88828125 0.0625 0.03125 0.08611111111111111
0 0.42578125 0.12083333333333333 0.01875 0.125
0 0.38984375 0.03611111111111111 0.0296875 0.07361111111111111
0 0.49609375 0.275 0.02109375 0.08333333333333333
0 0.99296875 0.14583333333333334 0.015625 0.09861111111111111
0 0.8375 0.08194444444444444 0.01875 0.08055555555555556
0 0.43125 0.022222222222222223 0.03046875 0.04583333333333333
0 0.22578125 0.5125 0.01796875 0.08055555555555556
