0 0.2203125 0.5277777777777778 0.090625 0.17222222222222222
0 0.91640625 0.2222222222222222 0.04453125 0.21666666666666667
0 0.0734375 0.8569444444444444 0.05234375 0.15833333333333333
0 0.13671875 0.5930555555555556 0.04609375 0.17222222222222222
0 0.596875 0.7805555555555556 0.046875 0.17083333333333334
0 0.31640625 0.33194444444444443 0.0359375 0.20277777777777778
0 0.81015625 0.6319444444444444 0.04453125 0.175
0 0.6859375 0.7486111111111111 0.04765625 0.175
0 0.94609375 0.5958333333333333 0.04609375 0.1638888888888889
0 0.37109375 0.5402777777777777 0.0359375 0.175
0 0.803125 0.48055555555555557 0.040625 0.1625
0 0.6265625 0.13194444444444445 0.040625 0.14166666666666666
0 0.4765625 0.07777777777777778 0.05234375 0.15555555555555556
0 0.409375 0.3861111111111111 0.03125 0.14444444444444443
0 0.96171875 0.2513888888888889 0.0390625 0.13055555555555556
0 0.61484375 0.4388888888888889 0.03515625 0.13194444444444445
0 0.72890625 0.06388888888888888 0.0296875 0.12777777777777777
0 0.528125 0.20833333333333334 0.03125 0.1388888888888889
0 0.38046875 0.2125 0.02890625 0.1361111111111111
0 0.1609375 0.05 0.046875 0.1
0 0.67578125 0.05555555555555555 0.03671875 0.1111111111111111
0 0.0578125 0.16805555555555557 0.02734375 0.11388888888888889
0 0.45078125 0.1111111111111111 0.0234375 0.12361111111111112
0 0.58203125 0.13055555555555556 0.02578125 0.10416666666666667
0 0.42265625 0.10833333333333334 0.02421875 0.12222222222222222
0 0.89140625 0.0763888888888889 0.03203125 0.08055555555555556
0 0.8578125 0.07361111111111111 0.02265625 0.10833333333333334
0 0.221875 0.041666666666666664 0.03203125 0.08472222222222223
0 0.9921875 0.16111111111111112 0.01640625 0.09861111111111111
0 0.49609375 0.3055555555555556 0.02265625 0.07777777777777778
0 0.8390625 0.09027777777777778 0.021875 0.07777777777777778
0 0.39140625 0.02638888888888889 0.0296875 0.05277777777777778
