0 0.2203125 0.5277777777777778 0.090625 0.17222222222222222
0 0.9203125 0.2388888888888889 0.040625 0.22361111111111112
0 0.0796875 0.8666666666666667 0.05234375 0.15
0 0.1359375 0.6166666666666667 0.046875 0.17222222222222222
0 0.315625 0.3486111111111111 0.034375 0.21944444444444444
0 0.58984375 0.7638888888888888 0.04609375 0.18333333333333332
0 0.67421875 0.7569444444444444 0.03984375 0.16666666666666666
0 0.62421875 0.12083333333333333 0.04140625 0.1375
0 0.3703125 0.5152777777777777 0.03515625 0.17083333333333334
0 0.81953125 0.6541666666666667 0.0453125 0.17222222222222222
0 0.8109375 0.4986111111111111 0.04140625 0.1597222222222222
0 0.94140625 0.5847222222222223 0.0421875 0.175
0 0.490625 0.07222222222222222 0.03125 0.14583333333333334
0 0.40625 0.3763888888888889 0.03046875 0.1486111111111111
0 0.528125 0.2125 0.03203125 0.13333333333333333
0 0.72265625 0.06388888888888888 0.0328125 0.12777777777777777
0 0.9703125 0.25972222222222224 0.034375 0.12777777777777777
0 0.85234375 0.07777777777777778 0.040625 0.10972222222222222
0 0.61953125 0.41805555555555557 0.0328125 0.1111111111111111
0 0.37890625 0.19583333333333333 0.0265625 0.13055555555555556
0 0.67578125 0.05555555555555555 0.0359375 0.1111111111111111
0 0.45078125 0.1125 0.02421875 0.12361111111111112
0 0.0578125 0.16805555555555557 0.02734375 0.11388888888888889
0 0.58203125 0.14305555555555555 0.0265625 0.10555555555555556
0 0.42421875 0.10694444444444444 0.021875 0.12083333333333333
0 0.89375 0.0875 0.03046875 0.08472222222222223
0 0.1796875 0.04722222222222222 0.028125 0.09583333333333334
0 0.4953125 0.3194444444444444 0.02109375 0.08472222222222223
0 0.99140625 0.175 0.01796875 0.10555555555555556
0 0.2265625 0.034722222222222224 0.02265625 0.06944444444444445
0 0.0109375 0.13194444444444445 0.021875 0.08055555555555556
