0 0.2203125 0.5277777777777778 0.090625 0.17222222222222222
0 0.06953125 0.8472222222222222 0.05625 0.1625
0 0.9125 0.21388888888888888 0.05 0.21666666666666667
0 0.60078125 0.8236111111111111 0.05 0.19166666666666668
0 0.3703125 0.5625 0.0375 0.1763888888888889
0 0.3140625 0.3236111111111111 0.0375 0.2111111111111111
0 0.95234375 0.6277777777777778 0.0546875 0.17916666666666667
0 0.13828125 0.5680555555555555 0.0390625 0.16805555555555557
0 0.70390625 0.7333333333333333 0.0453125 0.16111111111111112
0 0.62734375 0.14027777777777778 0.040625 0.14166666666666666
0 0.79609375 0.44583333333333336 0.03984375 0.14722222222222223
0 0.8046875 0.6041666666666666 0.04375 0.16944444444444445
0 0.409375 0.4083333333333333 0.03125 0.15138888888888888
0 0.9578125 0.2361111111111111 0.034375 0.12916666666666668
0 0.73046875 0.08333333333333333 0.028125 0.16666666666666666
0 0.6125 0.45694444444444443 0.03828125 0.1361111111111111
0 0.528125 0.19027777777777777 0.03203125 0.13055555555555556
0 0.4875 0.08055555555555556 0.02578125 0.16111111111111112
0 0.37890625 0.21805555555555556 0.0265625 0.13194444444444445
0 0.15703125 0.05277777777777778 0.03671875 0.10694444444444444
0 0.0578125 0.16805555555555557 0.02734375 0.11388888888888889
0 0.45078125 0.1111111111111111 0.0234375 0.12361111111111112
0 0.68125 0.04722222222222222 0.028125 0.09583333333333334
0 0.58046875 0.125 0.02265625 0.10555555555555556
0 0.42265625 0.1111111111111111 0.01953125 0.12361111111111112
0 0.2140625 0.043055555555555555 0.02890625 0.08611111111111111
0 0.49921875 0.2833333333333333 0.02734375 0.10138888888888889
0 0.88828125 0.06805555555555555 0.03046875 0.075
0 0.85703125 0.07222222222222222 0.0234375 0.10972222222222222
0 0.99140625 0.15833333333333333 0.01796875 0.10416666666666667
0 0.8375 0.08333333333333333 0.01875 0.0763888888888889
0 0.38828125 0.027777777777777776 0.02578125 0.05694444444444444
