0 0.2203125 0.5277777777777778 0.090625 0.17222222222222222
0 0.92265625 0.24583333333333332 0.0421875 0.22361111111111112
0 0.084375 0.8722222222222222 0.053125 0.14305555555555555
0 0.1296875 0.6361111111111111 0.04140625 0.17222222222222222
0 0.31640625 0.35555555555555557 0.0359375 0.2111111111111111
0 0.65546875 0.7583333333333333 0.0546875 0.1625
0 0.82734375 0.6791666666666667 0.0484375 0.17777777777777778
0 0.584375 0.7361111111111112 0.04296875 0.17777777777777778
0 0.36953125 0.49583333333333335 0.03671875 0.16805555555555557
0 0.62421875 0.11527777777777778 0.0421875 0.14166666666666666
0 0.81484375 0.5291666666666667 0.04140625 0.1638888888888889
0 0.978125 0.2361111111111111 0.04453125 0.21666666666666667
0 0.934375 0.5583333333333333 0.04296875 0.1625
0 0.72109375 0.06388888888888888 0.03515625 0.12777777777777777
0 0.8578125 0.08333333333333333 0.0375 0.10972222222222222
0 0.5296875 0.22777777777777777 0.03359375 0.1388888888888889
0 0.40546875 0.35555555555555557 0.0296875 0.1388888888888889
0 0.61953125 0.4097222222222222 0.0328125 0.12638888888888888
0 0.37734375 0.1875 0.0296875 0.12916666666666668
0 0.49453125 0.058333333333333334 0.04921875 0.11805555555555555
0 0.0578125 0.16805555555555557 0.02734375 0.1125
0 0.45390625 0.1125 0.0234375 0.12083333333333333
0 0.584375 0.15138888888888888 0.025 0.10833333333333334
0 0.01796875 0.11805555555555555 0.0359375 0.10138888888888889
0 0.6765625 0.04722222222222222 0.03359375 0.09583333333333334
0 0.89375 0.09444444444444444 0.03203125 0.08333333333333333
0 0.42421875 0.10694444444444444 0.02109375 0.12083333333333333
0 0.49765625 0.08333333333333333 0.01953125 0.11666666666666667
0 0.1890625 0.041666666666666664 0.03359375 0.08472222222222223
0 0.49609375 0.33055555555555555 0.02109375 0.08333333333333333
0 0.5703125 0.9736111111111111 0.02890625 0.05416666666666667
0 0.23046875 0.03333333333333333 0.0265625 0.06805555555555555
