0 0.2078125 0.5375 0.05859375 0.17222222222222222
0 0.90546875 0.18055555555555555 0.053125 0.20694444444444443
0 0.75546875 0.7375 0.06015625 0.17083333333333334
0 0.36953125 0.6541666666666667 0.0390625 0.17222222222222222
0 0.62109375 0.9222222222222223 0.053125 0.15694444444444444
0 0.04453125 0.8194444444444444 0.0484375 0.15
0 0.63125 0.18194444444444444 0.04296875 0.15
0 0.14921875 0.49444444444444446 0.040625 0.15416666666666667
0 0.31328125 0.2916666666666667 0.0328125 0.19444444444444445
0 0.246875 0.5347222222222222 0.04375 0.125
0 0.77734375 0.3819444444444444 0.0359375 0.15
0 0.7859375 0.5263888888888889 0.04140625 0.15
0 0.98203125 0.7055555555555556 0.03671875 0.17916666666666667
0 0.4109375 0.46805555555555556 0.034375 0.14583333333333334
0 0.61171875 0.5111111111111111 0.040625 0.12777777777777777
0 0.38515625 0.275 0.0296875 0.1388888888888889
0 0.95 0.20555555555555555 0.034375 0.12361111111111112
0 0.84453125 0.06666666666666667 0.0390625 0.10555555555555556
0 0.73828125 0.06666666666666667 0.0296875 0.13333333333333333
0 0.52734375 0.16805555555555557 0.0296875 0.13333333333333333
0 0.68125 0.058333333333333334 0.03828125 0.1111111111111111
0 0.40078125 0.044444444444444446 0.0546875 0.09027777777777778
0 0.2015625 0.06388888888888888 0.040625 0.12777777777777777
0 0.06171875 0.175 0.02734375 0.11527777777777778
0 0.45234375 0.12083333333333333 0.02265625 0.12638888888888888
0 0.4296875 0.12638888888888888 0.02734375 0.11805555555555555
0 0.47890625 0.13472222222222222 0.0203125 0.12083333333333333
0 0.5796875 0.1 0.02265625 0.10138888888888889
0 0.1265625 0.08333333333333333 0.02890625 0.1111111111111111
0 0.88828125 0.05416666666666667 0.0296875 0.08611111111111111
0 0.48203125 0.03888888888888889 0.01796875 0.07916666666666666
0 0.49921875 0.2513888888888889 0.021875 0.09861111111111111
