0 0.22109375 0.5305555555555556 0.090625 0.17222222222222222
0 0.05859375 0.8375 0.0546875 0.1527777777777778
0 0.60546875 0.8736111111111111 0.04609375 0.2
0 0.9109375 0.1986111111111111 0.05 0.21388888888888888
0 0.36953125 0.5958333333333333 0.0375 0.16805555555555557
0 0.728125 0.7375 0.05078125 0.1625
0 0.14296875 0.5305555555555556 0.03984375 0.15555555555555556
0 0.3109375 0.30694444444444446 0.03359375 0.2013888888888889
0 0.9734375 0.6569444444444444 0.046875 0.17916666666666667
0 0.6296875 0.15833333333333333 0.04375 0.15
0 0.79765625 0.5638888888888889 0.04375 0.15555555555555556
0 0.78828125 0.4222222222222222 0.0390625 0.15694444444444444
0 0.40703125 0.42916666666666664 0.03203125 0.14444444444444443
0 0.73359375 0.08333333333333333 0.028125 0.16805555555555557
0 0.6140625 0.475 0.03515625 0.12777777777777777
0 0.528125 0.18194444444444444 0.03125 0.1361111111111111
0 0.48359375 0.08888888888888889 0.02109375 0.17777777777777778
0 0.38046875 0.24305555555555555 0.0296875 0.1375
0 0.95390625 0.225 0.03125 0.12777777777777777
0 0.14921875 0.058333333333333334 0.0359375 0.11805555555555555
0 0.67734375 0.05555555555555555 0.040625 0.1125
0 0.059375 0.17083333333333334 0.028125 0.11388888888888889
0 0.45234375 0.11388888888888889 0.0234375 0.12638888888888888
0 0.20859375 0.05277777777777778 0.028125 0.10555555555555556
0 0.57734375 0.1111111111111111 0.02734375 0.10138888888888889
0 0.88828125 0.06388888888888888 0.03125 0.08333333333333333
0 0.425 0.11805555555555555 0.01875 0.125
0 0.85546875 0.06527777777777778 0.0234375 0.10694444444444444
0 0.38984375 0.03611111111111111 0.028125 0.07222222222222222
0 0.49609375 0.26944444444444443 0.02109375 0.1
0 0.9921875 0.14583333333333334 0.01640625 0.09861111111111111
0 0.4359375 0.022222222222222223 0.03984375 0.04583333333333333
0 0.83671875 0.08194444444444444 0.0171875 0.08055555555555556
0 0.225 0.5041666666666667 0.01875 0.09583333333333334
