0 0.2203125 0.5277777777777778 0.090625 0.17222222222222222
0 0.91640625 0.22083333333333333 0.0453125 0.21944444444444444
0 0.07265625 0.8513888888888889 0.0515625 0.15694444444444444
0 0.13671875 0.5805555555555556 0.0453125 0.1625
0 0.5984375 0.7958333333333333 0.046875 0.1875
0 0.315625 0.3277777777777778 0.03671875 0.2013888888888889
0 0.809375 0.6166666666666667 0.04453125 0.16111111111111112
0 0.37109375 0.5416666666666666 0.0359375 0.17083333333333334
0 0.69296875 0.7458333333333333 0.04140625 0.17777777777777778
0 0.94765625 0.6013888888888889 0.0484375 0.16527777777777777
0 0.8015625 0.47638888888888886 0.040625 0.1638888888888889
0 0.6265625 0.13472222222222222 0.040625 0.14444444444444443
0 0.47421875 0.07777777777777778 0.05390625 0.15694444444444444
0 0.409375 0.3875 0.03125 0.14027777777777778
0 0.959375 0.24861111111111112 0.03828125 0.12916666666666668
0 0.61328125 0.44027777777777777 0.03671875 0.125
0 0.52890625 0.20416666666666666 0.0328125 0.1375
0 0.7296875 0.06388888888888888 0.028125 0.12777777777777777
0 0.8484375 0.07361111111111111 0.04140625 0.10972222222222222
0 0.38046875 0.2152777777777778 0.02890625 0.1375
0 0.67578125 0.05555555555555555 0.03671875 0.1111111111111111
0 0.15859375 0.05 0.04140625 0.1
0 0.0578125 0.16805555555555557 0.02734375 0.11388888888888889
0 0.45 0.1111111111111111 0.021875 0.12361111111111112
0 0.58203125 0.12777777777777777 0.02421875 0.1
0 0.42421875 0.10972222222222222 0.021875 0.125
0 0.89140625 0.07361111111111111 0.03125 0.0763888888888889
0 0.22109375 0.041666666666666664 0.03359375 0.08472222222222223
0 0.9921875 0.16111111111111112 0.01640625 0.09861111111111111
0 0.49609375 0.30277777777777776 0.021875 0.08194444444444444
0 0.390625 0.02638888888888889 0.028125 0.05277777777777778
