0 0.2203125 0.5277777777777778 0.090625 0.17222222222222222
0 0.06484375 0.8375 0.0515625 0.1486111111111111
0 0.91015625 0.20416666666666666 0.05078125 0.20277777777777778
0 0.6015625 0.8291666666666667 0.05 0.18055555555555555
0 0.31328125 0.31805555555555554 0.0375 0.20833333333333334
0 0.95625 0.6319444444444444 0.05703125 0.1736111111111111
0 0.71015625 0.7361111111111112 0.05625 0.16111111111111112
0 0.36875 0.5791666666666667 0.03828125 0.18055555555555555
0 0.13984375 0.5652777777777778 0.03984375 0.17222222222222222
0 0.62734375 0.14166666666666666 0.04140625 0.1375
0 0.803125 0.5972222222222222 0.04375 0.1736111111111111
0 0.79453125 0.44166666666666665 0.0390625 0.15555555555555556
0 0.4078125 0.4166666666666667 0.03125 0.15416666666666667
0 0.95625 0.22777777777777777 0.03203125 0.12222222222222222
0 0.6125 0.4638888888888889 0.03671875 0.1375
0 0.4859375 0.08055555555555556 0.021875 0.16111111111111112
0 0.528125 0.18888888888888888 0.03203125 0.13194444444444445
0 0.37734375 0.22361111111111112 0.02890625 0.13194444444444445
0 0.73046875 0.06388888888888888 0.02734375 0.12777777777777777
0 0.6765625 0.05555555555555555 0.040625 0.1111111111111111
0 0.1578125 0.05555555555555555 0.03515625 0.1125
0 0.45078125 0.1125 0.0234375 0.125
0 0.05859375 0.16805555555555557 0.028125 0.1125
0 0.58046875 0.11944444444444445 0.0234375 0.10555555555555556
0 0.42265625 0.1125 0.01953125 0.125
0 0.49921875 0.275 0.02734375 0.09444444444444444
0 0.8875 0.06527777777777778 0.03046875 0.075
0 0.85703125 0.07083333333333333 0.0234375 0.10833333333333334
0 0.215625 0.04722222222222222 0.02421875 0.09444444444444444
0 0.99140625 0.15416666666666667 0.01796875 0.10416666666666667
0 0.38828125 0.03194444444444444 0.02578125 0.06388888888888888
0 0.83671875 0.08194444444444444 0.0171875 0.075
