0 0.2203125 0.5277777777777778 0.090625 0.17222222222222222
0 0.06171875 0.8375 0.05234375 0.15
0 0.60234375 0.8361111111111111 0.04765625 0.17222222222222222
0 0.96484375 0.6361111111111111 0.0515625 0.16666666666666666
0 0.91015625 0.20277777777777778 0.0515625 0.20416666666666666
0 0.71171875 0.7375 0.059375 0.16111111111111112
0 0.3125 0.3111111111111111 0.0375 0.1986111111111111
0 0.36875 0.5875 0.03828125 0.18055555555555555
0 0.140625 0.5541666666666667 0.03828125 0.16944444444444445
0 0.628125 0.14722222222222223 0.04296875 0.1375
0 0.80078125 0.5861111111111111 0.04375 0.17083333333333334
0 0.79140625 0.4388888888888889 0.0421875 0.16111111111111112
0 0.40703125 0.41944444444444445 0.03203125 0.1486111111111111
0 0.61328125 0.46805555555555556 0.0375 0.13055555555555556
0 0.528125 0.18888888888888888 0.03203125 0.13333333333333333
0 0.9546875 0.2263888888888889 0.03125 0.125
0 0.48515625 0.08333333333333333 0.0203125 0.16666666666666666
0 0.378125 0.23472222222222222 0.03046875 0.1361111111111111
0 0.6765625 0.05555555555555555 0.040625 0.1111111111111111
0 0.73203125 0.06388888888888888 0.0265625 0.12777777777777777
0 0.15546875 0.058333333333333334 0.0390625 0.11666666666666667
0 0.45078125 0.1125 0.02421875 0.125
0 0.05859375 0.16805555555555557 0.02734375 0.1125
0 0.5796875 0.1125 0.025 0.1
0 0.2125 0.05 0.03125 0.10138888888888889
0 0.42421875 0.11388888888888889 0.0203125 0.12638888888888888
0 0.88828125 0.0625 0.03125 0.07916666666666666
0 0.85625 0.07083333333333333 0.021875 0.10833333333333334
0 0.496875 0.2791666666666667 0.021875 0.08055555555555556
0 0.9921875 0.1486111111111111 0.01640625 0.10277777777777777
0 0.38828125 0.03333333333333333 0.02578125 0.06805555555555555
0 0.83671875 0.08055555555555556 0.0171875 0.07777777777777778
0 0.4421875 0.020833333333333332 0.03359375 0.041666666666666664
