0 0.2203125 0.5277777777777778 0.090625 0.17222222222222222
0 0.0890625 0.8888888888888888 0.059375 0.16666666666666666
0 0.9234375 0.25 0.04375 0.21666666666666667
0 0.31796875 0.3625 0.0390625 0.21388888888888888
0 0.12890625 0.6513888888888889 0.04375 0.17916666666666667
0 0.82890625 0.6916666666666667 0.04921875 0.18194444444444444
0 0.646875 0.7597222222222222 0.059375 0.1597222222222222
0 0.58203125 0.7166666666666667 0.04453125 0.16527777777777777
0 0.36953125 0.49166666666666664 0.03671875 0.1736111111111111
0 0.93125 0.55 0.04296875 0.16111111111111112
0 0.97890625 0.2375 0.04375 0.21666666666666667
0 0.81796875 0.5333333333333333 0.03984375 0.15555555555555556
0 0.62265625 0.10972222222222222 0.04296875 0.1361111111111111
0 0.72109375 0.06388888888888888 0.03515625 0.12777777777777777
0 0.53046875 0.23333333333333334 0.03359375 0.1388888888888889
0 0.40546875 0.3541666666666667 0.0296875 0.14166666666666666
0 0.61953125 0.40694444444444444 0.0359375 0.125
0 0.378125 0.17916666666666667 0.028125 0.125
0 0.49453125 0.0625 0.05078125 0.125
0 0.02265625 0.11805555555555555 0.0390625 0.1
0 0.0578125 0.16805555555555557 0.02734375 0.11388888888888889
0 0.45546875 0.1125 0.0234375 0.12083333333333333
0 0.584375 0.15694444444444444 0.02421875 0.10833333333333334
0 0.56953125 0.9652777777777778 0.03203125 0.07083333333333333
0 0.67578125 0.04722222222222222 0.0328125 0.09583333333333334
0 0.42421875 0.10694444444444444 0.02109375 0.12083333333333333
0 0.89453125 0.09166666666666666 0.03203125 0.07222222222222222
0 0.86484375 0.08333333333333333 0.02734375 0.10972222222222222
0 0.49921875 0.07777777777777778 0.0203125 0.1125
0 0.19453125 0.041666666666666664 0.0375 0.08472222222222223
0 0.49609375 0.32916666666666666 0.021875 0.08611111111111111
0 0.14375 0.025 0.02578125 0.05138888888888889
0 0.85 0.1 0.021875 0.08333333333333333
0 0.23515625 0.03333333333333333 0.02421875 0.06805555555555555
