0 0.22109375 0.5305555555555556 0.090625 0.17222222222222222
0 0.05859375 0.8375 0.05390625 0.15
0 0.6046875 0.8583333333333333 0.04609375 0.18888888888888888
0 0.36953125 0.5916666666666667 0.0375 0.1736111111111111
0 0.91015625 0.2 0.05078125 0.20972222222222223
0 0.71953125 0.7375 0.0609375 0.1625
0 0.14140625 0.5416666666666666 0.03828125 0.16666666666666666
0 0.31171875 0.30833333333333335 0.034375 0.2
0 0.9703125 0.6472222222222223 0.046875 0.17083333333333334
0 0.62890625 0.15416666666666667 0.04375 0.14722222222222223
0 0.7984375 0.5694444444444444 0.04375 0.1597222222222222
0 0.7890625 0.42916666666666664 0.04140625 0.15833333333333333
0 0.40703125 0.4236111111111111 0.03203125 0.14444444444444443
0 0.61328125 0.4708333333333333 0.0359375 0.12916666666666668
0 0.48359375 0.0875 0.02109375 0.175
0 0.528125 0.18472222222222223 0.03125 0.13472222222222222
0 0.95390625 0.225 0.03046875 0.12638888888888888
0 0.37890625 0.24166666666666667 0.03046875 0.1388888888888889
0 0.7328125 0.06388888888888888 0.02734375 0.12916666666666668
0 0.15078125 0.058333333333333334 0.03671875 0.11805555555555555
0 0.45234375 0.1125 0.0234375 0.12361111111111112
0 0.05859375 0.16944444444444445 0.02734375 0.11527777777777778
0 0.68046875 0.04722222222222222 0.03359375 0.09583333333333334
0 0.57890625 0.1111111111111111 0.025 0.10138888888888889
0 0.209375 0.05277777777777778 0.03046875 0.10555555555555556
0 0.425 0.11527777777777778 0.01875 0.12638888888888888
0 0.88828125 0.06111111111111111 0.03125 0.07916666666666666
0 0.85625 0.06805555555555555 0.021875 0.10972222222222222
0 0.496875 0.28055555555555556 0.01953125 0.08194444444444444
0 0.9921875 0.14583333333333334 0.01640625 0.09722222222222222
0 0.38828125 0.034722222222222224 0.02578125 0.06944444444444445
0 0.4390625 0.022222222222222223 0.040625 0.044444444444444446
0 0.83671875 0.08194444444444444 0.0171875 0.08055555555555556
0 0.21953125 0.4888888888888889 0.0234375 0.06111111111111111
