0 0.2078125 0.5375 0.05859375 0.17222222222222222
0 0.9046875 0.17916666666666667 0.053125 0.20833333333333334
0 0.75703125 0.7375 0.0609375 0.17222222222222222
0 0.36953125 0.6583333333333333 0.0390625 0.17083333333333334
0 0.62265625 0.925 0.04921875 0.15138888888888888
0 0.04296875 0.8194444444444444 0.04765625 0.15138888888888888
0 0.63125 0.18333333333333332 0.04375 0.15
0 0.14921875 0.4888888888888889 0.03984375 0.15
0 0.31328125 0.2902777777777778 0.0328125 0.19722222222222222
0 0.246875 0.5347222222222222 0.04375 0.125
0 0.77578125 0.37777777777777777 0.03671875 0.14444444444444443
0 0.4109375 0.4736111111111111 0.034375 0.14722222222222223
0 0.7859375 0.525 0.040625 0.15138888888888888
0 0.61171875 0.5152777777777777 0.040625 0.13055555555555556
0 0.98203125 0.7291666666666666 0.03671875 0.14583333333333334
0 0.94921875 0.20416666666666666 0.03359375 0.12638888888888888
0 0.38515625 0.275 0.0296875 0.1375
0 0.84296875 0.06666666666666667 0.03984375 0.10555555555555556
0 0.73828125 0.06666666666666667 0.0296875 0.13472222222222222
0 0.5265625 0.16666666666666666 0.03125 0.13333333333333333
0 0.68125 0.058333333333333334 0.03828125 0.1111111111111111
0 0.2 0.06388888888888888 0.040625 0.12916666666666668
0 0.4 0.044444444444444446 0.053125 0.09027777777777778
0 0.06171875 0.175 0.02734375 0.11527777777777778
0 0.4296875 0.12638888888888888 0.02890625 0.11805555555555555
0 0.453125 0.12222222222222222 0.02421875 0.12361111111111112
0 0.478125 0.1375 0.021875 0.11944444444444445
0 0.1265625 0.08333333333333333 0.028125 0.1111111111111111
0 0.5796875 0.09861111111111111 0.02265625 0.10277777777777777
0 0.8875 0.04861111111111111 0.03046875 0.075
0 0.49921875 0.25 0.021875 0.09861111111111111
0 0.48203125 0.04027777777777778 0.01796875 0.08055555555555556
