0 0.2203125 0.5277777777777778 0.090625 0.17222222222222222
0 0.921875 0.24444444444444444 0.040625 0.22777777777777777
0 0.0828125 0.8722222222222222 0.05234375 0.14444444444444443
0 0.13046875 0.6222222222222222 0.0421875 0.16111111111111112
0 0.315625 0.3527777777777778 0.034375 0.2152777777777778
0 0.6640625 0.7583333333333333 0.04375 0.16666666666666666
0 0.58515625 0.7472222222222222 0.04296875 0.18472222222222223
0 0.3703125 0.4986111111111111 0.034375 0.1638888888888889
0 0.82578125 0.6638888888888889 0.05 0.16111111111111112
0 0.62421875 0.11666666666666667 0.0421875 0.14305555555555555
0 0.81328125 0.5236111111111111 0.04296875 0.16666666666666666
0 0.97734375 0.23333333333333334 0.04609375 0.2125
0 0.9375 0.5694444444444444 0.040625 0.1736111111111111
0 0.49375 0.07222222222222222 0.04375 0.14444444444444443
0 0.40546875 0.3597222222222222 0.0296875 0.14027777777777778
0 0.5296875 0.225 0.03359375 0.1388888888888889
0 0.72109375 0.06388888888888888 0.03515625 0.12777777777777777
0 0.85703125 0.08194444444444444 0.0375 0.10833333333333334
0 0.61953125 0.4125 0.0328125 0.12222222222222222
0 0.37734375 0.19166666666666668 0.0296875 0.13333333333333333
0 0.67578125 0.05555555555555555 0.0359375 0.1111111111111111
0 0.0578125 0.16805555555555557 0.02734375 0.1125
0 0.453125 0.11388888888888889 0.02421875 0.12222222222222222
0 0.584375 0.14583333333333334 0.025 0.10277777777777777
0 0.89375 0.09305555555555556 0.03203125 0.08472222222222223
0 0.42421875 0.10694444444444444 0.02109375 0.12083333333333333
0 0.18359375 0.041666666666666664 0.02734375 0.08472222222222223
0 0.01328125 0.11805555555555555 0.0265625 0.10277777777777777
0 0.49609375 0.32916666666666666 0.02109375 0.08611111111111111
0 0.228125 0.03333333333333333 0.025 0.06805555555555555
