0 0.22109375 0.5291666666666667 0.090625 0.16944444444444445
0 0.0609375 0.8375 0.053125 0.15
0 0.6046875 0.8486111111111111 0.046875 0.18055555555555555
0 0.91015625 0.2013888888888889 0.05078125 0.20833333333333334
0 0.71640625 0.7375 0.0609375 0.16111111111111112
0 0.36953125 0.5902777777777778 0.0375 0.1763888888888889
0 0.31171875 0.30833333333333335 0.0359375 0.19583333333333333
0 0.14140625 0.5472222222222223 0.0375 0.17083333333333334
0 0.96875 0.6416666666666667 0.046875 0.16666666666666666
0 0.62890625 0.15138888888888888 0.04375 0.14305555555555555
0 0.8 0.5777777777777777 0.04375 0.16666666666666666
0 0.7890625 0.43194444444444446 0.04140625 0.15833333333333333
0 0.40703125 0.4222222222222222 0.03203125 0.14583333333333334
0 0.6125 0.46944444444444444 0.03671875 0.12916666666666668
0 0.528125 0.18611111111111112 0.03203125 0.13333333333333333
0 0.484375 0.08611111111111111 0.01953125 0.17222222222222222
0 0.95390625 0.225 0.03046875 0.12638888888888888
0 0.37890625 0.2388888888888889 0.03125 0.1388888888888889
0 0.7328125 0.06388888888888888 0.02734375 0.12777777777777777
0 0.153125 0.058333333333333334 0.03828125 0.11666666666666667
0 0.45078125 0.1125 0.02421875 0.12361111111111112
0 0.05859375 0.16944444444444445 0.028125 0.11527777777777778
0 0.68046875 0.04722222222222222 0.03359375 0.09583333333333334
0 0.57890625 0.1111111111111111 0.025 0.10138888888888889
0 0.21015625 0.05138888888888889 0.03125 0.10277777777777777
0 0.4234375 0.11527777777777778 0.02109375 0.12638888888888888
0 0.88828125 0.06111111111111111 0.03125 0.07916666666666666
0 0.85625 0.06805555555555555 0.021875 0.10972222222222222
0 0.49609375 0.2722222222222222 0.02265625 0.09861111111111111
0 0.9921875 0.14583333333333334 0.01640625 0.09722222222222222
0 0.38828125 0.034722222222222224 0.02578125 0.06944444444444445
0 0.83671875 0.08055555555555556 0.0171875 0.07777777777777778
0 0.4390625 0.022222222222222223 0.03984375 0.044444444444444446
