0 0.2234375 0.5333333333333333 0.090625 0.17222222222222222
0 0.615625 0.9041666666666667 0.05078125 0.18055555555555555
0 0.05390625 0.8333333333333334 0.0609375 0.16527777777777777
0 0.9078125 0.18472222222222223 0.05 0.2
0 0.74765625 0.7388888888888889 0.05078125 0.16527777777777777
0 0.37109375 0.6430555555555556 0.040625 0.18611111111111112
0 0.3125 0.3 0.03203125 0.2
0 0.1484375 0.5180555555555556 0.04375 0.16527777777777777
0 0.63125 0.16944444444444445 0.04375 0.1388888888888889
0 0.98125 0.6861111111111111 0.03828125 0.18194444444444444
0 0.790625 0.55 0.04375 0.16666666666666666
0 0.78125 0.4041666666666667 0.0375 0.15833333333333333
0 0.409375 0.4597222222222222 0.03046875 0.1527777777777778
0 0.61328125 0.5041666666666667 0.03671875 0.1375
0 0.48046875 0.09166666666666666 0.02265625 0.18333333333333332
0 0.95234375 0.20555555555555555 0.034375 0.12083333333333333
0 0.7375 0.06527777777777778 0.03046875 0.13055555555555556
0 0.38515625 0.2652777777777778 0.03125 0.14027777777777778
0 0.84765625 0.06666666666666667 0.0375 0.10972222222222222
0 0.528125 0.17222222222222222 0.03125 0.13194444444444445
0 0.68203125 0.05694444444444444 0.0359375 0.1125
0 0.06171875 0.1736111111111111 0.028125 0.11388888888888889
0 0.20234375 0.06111111111111111 0.03984375 0.12222222222222222
0 0.45234375 0.11944444444444445 0.02265625 0.12638888888888888
0 0.1375 0.07916666666666666 0.03125 0.11388888888888889
0 0.5796875 0.1 0.025 0.09861111111111111
0 0.38828125 0.043055555555555555 0.03046875 0.08611111111111111
0 0.42734375 0.12361111111111112 0.021875 0.12222222222222222
0 0.88984375 0.058333333333333334 0.0296875 0.08333333333333333
0 0.49921875 0.25277777777777777 0.0234375 0.09305555555555556
