0 0.2203125 0.5277777777777778 0.090625 0.17222222222222222
0 0.06796875 0.8458333333333333 0.05859375 0.16527777777777777
0 0.91015625 0.20833333333333334 0.05078125 0.20694444444444443
0 0.60078125 0.8263888888888888 0.04921875 0.18472222222222223
0 0.31328125 0.32083333333333336 0.0375 0.20833333333333334
0 0.70859375 0.7347222222222223 0.053125 0.1638888888888889
0 0.36875 0.575 0.03828125 0.18194444444444444
0 0.95390625 0.6319444444444444 0.05703125 0.175
0 0.1390625 0.5652777777777778 0.03984375 0.17083333333333334
0 0.62734375 0.14166666666666666 0.04140625 0.1388888888888889
0 0.80390625 0.6013888888888889 0.04375 0.175
0 0.79453125 0.44305555555555554 0.03828125 0.1527777777777778
0 0.40859375 0.4152777777777778 0.0296875 0.1527777777777778
0 0.95703125 0.22777777777777777 0.0328125 0.12361111111111112
0 0.73046875 0.08333333333333333 0.028125 0.16666666666666666
0 0.4859375 0.08055555555555556 0.02265625 0.16111111111111112
0 0.528125 0.18888888888888888 0.03203125 0.13194444444444445
0 0.61328125 0.45694444444444443 0.0375 0.125
0 0.378125 0.22083333333333333 0.028125 0.12916666666666668
0 0.67578125 0.05555555555555555 0.0390625 0.1111111111111111
0 0.1578125 0.05555555555555555 0.03515625 0.1125
0 0.05859375 0.16805555555555557 0.028125 0.11388888888888889
0 0.45078125 0.1111111111111111 0.0234375 0.12361111111111112
0 0.58046875 0.12083333333333333 0.0234375 0.10555555555555556
0 0.49921875 0.2777777777777778 0.02734375 0.09861111111111111
0 0.4234375 0.1125 0.01875 0.125
0 0.88828125 0.06527777777777778 0.03125 0.07361111111111111
0 0.85703125 0.07222222222222222 0.0234375 0.10972222222222222
0 0.99140625 0.15694444444444444 0.01796875 0.10277777777777777
0 0.215625 0.044444444444444446 0.02421875 0.09027777777777778
0 0.38828125 0.030555555555555555 0.025 0.0625
0 0.83671875 0.08194444444444444 0.0171875 0.075
