0 0.2203125 0.5277777777777778 0.090625 0.17222222222222222
0 0.92109375 0.24444444444444444 0.03984375 0.22777777777777777
0 0.08203125 0.8708333333333333 0.0515625 0.14722222222222223
0 0.13125 0.6208333333333333 0.04296875 0.1638888888888889
0 0.315625 0.3527777777777778 0.034375 0.21666666666666667
0 0.66640625 0.7569444444444444 0.04296875 0.16527777777777777
0 0.58671875 0.7527777777777778 0.0421875 0.18888888888888888
0 0.82421875 0.6597222222222222 0.0484375 0.16111111111111112
0 0.3703125 0.4986111111111111 0.034375 0.1625
0 0.62421875 0.11805555555555555 0.04140625 0.14305555555555555
0 0.81328125 0.5180555555555556 0.04296875 0.16527777777777777
0 0.97734375 0.23194444444444445 0.046875 0.21388888888888888
0 0.9375 0.5736111111111111 0.040625 0.1763888888888889
0 0.49140625 0.07222222222222222 0.0390625 0.14583333333333334
0 0.40546875 0.3611111111111111 0.0296875 0.1388888888888889
0 0.52890625 0.22083333333333333 0.03203125 0.1375
0 0.72109375 0.06388888888888888 0.03515625 0.12777777777777777
0 0.61953125 0.41388888888888886 0.03203125 0.12222222222222222
0 0.85625 0.08194444444444444 0.0375 0.10833333333333334
0 0.37734375 0.19444444444444445 0.02890625 0.13333333333333333
0 0.45234375 0.11388888888888889 0.0234375 0.12222222222222222
0 0.0578125 0.16805555555555557 0.02734375 0.1125
0 0.584375 0.14305555555555555 0.025 0.10416666666666667
0 0.6765625 0.04722222222222222 0.03359375 0.09583333333333334
0 0.89375 0.09166666666666666 0.03203125 0.08194444444444444
0 0.42421875 0.10694444444444444 0.02109375 0.12083333333333333
0 0.18203125 0.043055555555555555 0.025 0.08611111111111111
0 0.0109375 0.11805555555555555 0.021875 0.10138888888888889
0 0.49609375 0.3277777777777778 0.02109375 0.0875
0 0.2265625 0.03333333333333333 0.025 0.06805555555555555
