0 0.2203125 0.5277777777777778 0.090625 0.17222222222222222
0 0.06328125 0.8375 0.0515625 0.15
0 0.96171875 0.6347222222222222 0.053125 0.16944444444444445
0 0.60234375 0.8319444444444445 0.04765625 0.1736111111111111
0 0.91015625 0.20277777777777778 0.0515625 0.20416666666666666
0 0.3125 0.31527777777777777 0.0375 0.20277777777777778
0 0.71171875 0.7361111111111112 0.059375 0.1625
0 0.36796875 0.5861111111111111 0.03984375 0.18194444444444444
0 0.140625 0.5569444444444445 0.03828125 0.16805555555555557
0 0.628125 0.14583333333333334 0.04296875 0.1361111111111111
0 0.80078125 0.5902777777777778 0.04453125 0.16944444444444445
0 0.7921875 0.44027777777777777 0.040625 0.15833333333333333
0 0.40703125 0.41805555555555557 0.03203125 0.14722222222222223
0 0.61328125 0.4666666666666667 0.0375 0.13194444444444445
0 0.95546875 0.2263888888888889 0.0328125 0.125
0 0.48515625 0.08194444444444444 0.0203125 0.1638888888888889
0 0.528125 0.18888888888888888 0.03203125 0.13333333333333333
0 0.6765625 0.05555555555555555 0.040625 0.1111111111111111
0 0.378125 0.23194444444444445 0.03046875 0.1375
0 0.73125 0.06388888888888888 0.028125 0.12777777777777777
0 0.15625 0.058333333333333334 0.0375 0.11666666666666667
0 0.45078125 0.1125 0.02421875 0.125
0 0.05859375 0.16805555555555557 0.028125 0.1125
0 0.5796875 0.11527777777777778 0.025 0.10277777777777777
0 0.4234375 0.1125 0.01875 0.12361111111111112
0 0.8875 0.0625 0.03046875 0.0763888888888889
0 0.85625 0.07083333333333333 0.021875 0.10833333333333334
0 0.215625 0.05 0.025 0.1
0 0.496875 0.28055555555555556 0.021875 0.07777777777777778
0 0.9921875 0.15 0.01640625 0.10138888888888889
0 0.38828125 0.03333333333333333 0.02578125 0.06805555555555555
0 0.83671875 0.08055555555555556 0.0171875 0.07777777777777778
