0 0.221875 0.5305555555555556 0.090625 0.17083333333333334
0 0.05546875 0.8347222222222223 0.05859375 0.15694444444444444
0 0.61015625 0.8930555555555556 0.0484375 0.19722222222222222
0 0.91015625 0.19166666666666668 0.05 0.2111111111111111
0 0.36953125 0.6208333333333333 0.03828125 0.18333333333333332
0 0.97578125 0.6777777777777778 0.04921875 0.18888888888888888
0 0.14609375 0.5263888888888889 0.04140625 0.16111111111111112
0 0.74140625 0.7388888888888889 0.04375 0.16527777777777777
0 0.31171875 0.30416666666666664 0.03359375 0.20694444444444443
0 0.63046875 0.1625 0.0453125 0.14722222222222223
0 0.78515625 0.4083333333333333 0.03828125 0.15
0 0.79453125 0.5597222222222222 0.0421875 0.1625
0 0.4078125 0.44583333333333336 0.03125 0.15416666666666667
0 0.61484375 0.48055555555555557 0.03515625 0.11666666666666667
0 0.3828125 0.24861111111111112 0.02890625 0.13055555555555556
0 0.48359375 0.09027777777777778 0.021875 0.18055555555555555
0 0.528125 0.17222222222222222 0.03125 0.12777777777777777
0 0.73671875 0.06527777777777778 0.028125 0.13055555555555556
0 0.95390625 0.21666666666666667 0.03125 0.12777777777777777
0 0.0609375 0.17083333333333334 0.028125 0.11527777777777778
0 0.4515625 0.11666666666666667 0.02265625 0.12222222222222222
0 0.20546875 0.05277777777777778 0.0328125 0.10694444444444444
0 0.6828125 0.04722222222222222 0.03125 0.09583333333333334
0 0.14140625 0.06805555555555555 0.0296875 0.1125
0 0.578125 0.10833333333333334 0.028125 0.10416666666666667
0 0.853125 0.06388888888888888 0.028125 0.10416666666666667
0 0.88828125 0.0625 0.03046875 0.08611111111111111
0 0.42578125 0.12083333333333333 0.01875 0.125
0 0.38828125 0.0375 0.03203125 0.075
0 0.49765625 0.2638888888888889 0.02421875 0.1
0 0.99296875 0.14583333333333334 0.015625 0.09861111111111111
0 0.8375 0.08194444444444444 0.01875 0.08055555555555556
0 0.22578125 0.5125 0.01796875 0.07916666666666666
