0 0.2203125 0.5277777777777778 0.090625 0.17222222222222222
0 0.9171875 0.22361111111111112 0.04375 0.21388888888888888
0 0.07421875 0.8569444444444444 0.05234375 0.15694444444444444
0 0.13671875 0.5972222222222222 0.04765625 0.1736111111111111
0 0.59609375 0.7736111111111111 0.046875 0.16805555555555557
0 0.31640625 0.33611111111111114 0.0359375 0.20694444444444443
0 0.6828125 0.75 0.04765625 0.1763888888888889
0 0.94609375 0.5916666666666667 0.0453125 0.1625
0 0.81171875 0.6361111111111111 0.0453125 0.17777777777777778
0 0.8046875 0.48333333333333334 0.040625 0.16111111111111112
0 0.37109375 0.5388888888888889 0.0359375 0.17777777777777778
0 0.6265625 0.13055555555555556 0.040625 0.1388888888888889
0 0.47890625 0.075 0.05 0.15138888888888888
0 0.9625 0.25277777777777777 0.03828125 0.12777777777777777
0 0.409375 0.3861111111111111 0.03125 0.14444444444444443
0 0.72734375 0.06388888888888888 0.02890625 0.12777777777777777
0 0.615625 0.4361111111111111 0.034375 0.12638888888888888
0 0.528125 0.20972222222222223 0.03125 0.1388888888888889
0 0.38046875 0.20972222222222223 0.02890625 0.1361111111111111
0 0.16171875 0.05 0.0484375 0.1
0 0.67578125 0.05555555555555555 0.03671875 0.1111111111111111
0 0.0578125 0.16805555555555557 0.02734375 0.11388888888888889
0 0.4515625 0.1111111111111111 0.021875 0.12361111111111112
0 0.58203125 0.13472222222222222 0.0265625 0.10833333333333334
0 0.4234375 0.10694444444444444 0.02265625 0.12083333333333333
0 0.8921875 0.07777777777777778 0.03125 0.07916666666666666
0 0.85859375 0.075 0.0234375 0.10555555555555556
0 0.221875 0.041666666666666664 0.03203125 0.08333333333333333
0 0.49609375 0.30277777777777776 0.021875 0.08194444444444444
0 0.9921875 0.1625 0.01640625 0.09722222222222222
0 0.8390625 0.09027777777777778 0.02265625 0.07777777777777778
0 0.38984375 0.02638888888888889 0.0234375 0.05277777777777778
