0 0.2203125 0.5277777777777778 0.090625 0.17222222222222222
0 0.06953125 0.8486111111111111 0.05546875 0.16111111111111112
0 0.9125 0.21388888888888888 0.04921875 0.21805555555555556
0 0.6 0.8208333333333333 0.05 0.19305555555555556
0 0.315625 0.3236111111111111 0.0375 0.2111111111111111
0 0.1375 0.5694444444444444 0.040625 0.16666666666666666
0 0.9515625 0.6263888888888889 0.053125 0.18055555555555555
0 0.3703125 0.5569444444444445 0.0375 0.16944444444444445
0 0.703125 0.7347222222222223 0.04375 0.1638888888888889
0 0.79765625 0.45 0.0390625 0.15
0 0.62734375 0.1388888888888889 0.040625 0.14305555555555555
0 0.80625 0.6055555555555555 0.04375 0.16666666666666666
0 0.409375 0.4041666666666667 0.03125 0.15
0 0.9578125 0.2375 0.03515625 0.12916666666666668
0 0.7296875 0.08333333333333333 0.02734375 0.16666666666666666
0 0.528125 0.19166666666666668 0.03203125 0.12777777777777777
0 0.6125 0.44583333333333336 0.03828125 0.11944444444444445
0 0.48828125 0.08055555555555556 0.02578125 0.16111111111111112
0 0.3796875 0.21805555555555556 0.028125 0.13333333333333333
0 0.0578125 0.16805555555555557 0.02734375 0.11388888888888889
0 0.15703125 0.05138888888888889 0.03671875 0.10277777777777777
0 0.45078125 0.1111111111111111 0.0234375 0.12361111111111112
0 0.68125 0.04722222222222222 0.028125 0.09583333333333334
0 0.58125 0.125 0.02421875 0.10416666666666667
0 0.4234375 0.10972222222222222 0.02109375 0.12638888888888888
0 0.21484375 0.041666666666666664 0.02890625 0.08472222222222223
0 0.88984375 0.06944444444444445 0.0296875 0.07361111111111111
0 0.85703125 0.07222222222222222 0.0234375 0.10972222222222222
0 0.49609375 0.2861111111111111 0.02109375 0.1
0 0.99140625 0.1597222222222222 0.01796875 0.10277777777777777
0 0.8375 0.08472222222222223 0.01875 0.07777777777777778
0 0.38828125 0.027777777777777776 0.02578125 0.05555555555555555
