0 0.2203125 0.5277777777777778 0.090625 0.17222222222222222
0 0.92109375 0.24027777777777778 0.040625 0.225
0 0.08046875 0.8694444444444445 0.0515625 0.15
0 0.13515625 0.6180555555555556 0.0453125 0.16944444444444445
0 0.31484375 0.3486111111111111 0.03359375 0.21805555555555556
0 0.58984375 0.7625 0.0453125 0.18611111111111112
0 0.6734375 0.7569444444444444 0.040625 0.16666666666666666
0 0.3703125 0.5097222222222222 0.034375 0.1638888888888889
0 0.62421875 0.12083333333333333 0.04140625 0.1388888888888889
0 0.8203125 0.6555555555555556 0.04609375 0.16805555555555557
0 0.9765625 0.2263888888888889 0.04765625 0.20555555555555555
0 0.93984375 0.5833333333333334 0.0421875 0.17777777777777778
0 0.81171875 0.5041666666666667 0.04140625 0.1625
0 0.48984375 0.07222222222222222 0.03359375 0.14583333333333334
0 0.52890625 0.21388888888888888 0.0328125 0.13333333333333333
0 0.40546875 0.37222222222222223 0.02890625 0.14583333333333334
0 0.721875 0.06388888888888888 0.034375 0.12777777777777777
0 0.853125 0.07916666666666666 0.040625 0.10833333333333334
0 0.61953125 0.4152777777777778 0.0328125 0.11527777777777778
0 0.378125 0.19444444444444445 0.028125 0.13194444444444445
0 0.67578125 0.05555555555555555 0.0359375 0.1111111111111111
0 0.45078125 0.1125 0.02421875 0.12222222222222222
0 0.0578125 0.16805555555555557 0.02734375 0.1125
0 0.58203125 0.14305555555555555 0.0265625 0.10555555555555556
0 0.89375 0.08888888888888889 0.03046875 0.08333333333333333
0 0.42421875 0.10694444444444444 0.021875 0.12083333333333333
0 0.1796875 0.04583333333333333 0.02734375 0.09166666666666666
0 0.4953125 0.32083333333333336 0.02109375 0.08472222222222223
0 0.0109375 0.13055555555555556 0.021875 0.08333333333333333
0 0.22734375 0.034722222222222224 0.021875 0.06944444444444445
