0 0.2078125 0.5375 0.05859375 0.17222222222222222
0 0.759375 0.7375 0.06171875 0.17222222222222222
0 0.903125 0.1763888888888889 0.05546875 0.20555555555555555
0 0.36875 0.6722222222222223 0.040625 0.17916666666666667
0 0.62109375 0.9305555555555556 0.05234375 0.14027777777777778
0 0.04296875 0.8180555555555555 0.046875 0.15416666666666667
0 0.63125 0.18611111111111112 0.04375 0.15
0 0.15078125 0.4888888888888889 0.0375 0.15555555555555556
0 0.3125 0.28888888888888886 0.03203125 0.1986111111111111
0 0.24609375 0.5361111111111111 0.04609375 0.12777777777777777
0 0.41171875 0.48333333333333334 0.0359375 0.15555555555555556
0 0.775 0.375 0.03671875 0.15
0 0.784375 0.5236111111111111 0.040625 0.15555555555555556
0 0.38359375 0.2777777777777778 0.02890625 0.13333333333333333
0 0.94921875 0.20277777777777778 0.0328125 0.12638888888888888
0 0.5265625 0.1597222222222222 0.03125 0.12916666666666668
0 0.68125 0.059722222222222225 0.03828125 0.10833333333333334
0 0.19765625 0.06388888888888888 0.0375 0.12916666666666668
0 0.98203125 0.725 0.03671875 0.11666666666666667
0 0.06171875 0.1763888888888889 0.02734375 0.11388888888888889
0 0.3984375 0.04722222222222222 0.04765625 0.09583333333333334
0 0.45390625 0.12361111111111112 0.0234375 0.125
0 0.4296875 0.12777777777777777 0.02890625 0.11666666666666667
0 0.47734375 0.1388888888888889 0.02265625 0.12083333333333333
0 0.125 0.08472222222222223 0.03125 0.10833333333333334
0 0.57890625 0.09444444444444444 0.02421875 0.10138888888888889
0 0.85078125 0.06666666666666667 0.025 0.10555555555555556
0 0.88671875 0.04861111111111111 0.02890625 0.075
0 0.49765625 0.2513888888888889 0.01953125 0.08888888888888889
0 0.48125 0.04027777777777778 0.01796875 0.08055555555555556
0 0.834375 0.07777777777777778 0.021875 0.0763888888888889
