0 0.2078125 0.5375 0.05859375 0.17222222222222222
0 0.90390625 0.1763888888888889 0.0546875 0.20694444444444443
0 0.7578125 0.7375 0.0625 0.17222222222222222
0 0.36953125 0.6638888888888889 0.0390625 0.1736111111111111
0 0.62265625 0.9277777777777778 0.04921875 0.14583333333333334
0 0.04296875 0.8180555555555555 0.046875 0.15416666666666667
0 0.63125 0.18611111111111112 0.04375 0.15
0 0.15 0.4888888888888889 0.0375 0.15416666666666667
0 0.31328125 0.2902777777777778 0.0328125 0.19722222222222222
0 0.246875 0.5361111111111111 0.04453125 0.12777777777777777
0 0.77578125 0.375 0.0375 0.1486111111111111
0 0.4109375 0.47638888888888886 0.03515625 0.15138888888888888
0 0.78515625 0.5236111111111111 0.0421875 0.15416666666666667
0 0.61171875 0.5180555555555556 0.040625 0.13194444444444445
0 0.384375 0.275 0.028125 0.1375
0 0.94921875 0.20416666666666666 0.03359375 0.125
0 0.98203125 0.7208333333333333 0.03671875 0.11805555555555555
0 0.7375 0.06666666666666667 0.028125 0.13472222222222222
0 0.5265625 0.1625 0.03125 0.13194444444444445
0 0.68125 0.059722222222222225 0.03828125 0.10833333333333334
0 0.19921875 0.06388888888888888 0.0390625 0.12916666666666668
0 0.4 0.04722222222222222 0.05078125 0.09444444444444444
0 0.06171875 0.1763888888888889 0.02734375 0.11388888888888889
0 0.45390625 0.12361111111111112 0.0234375 0.125
0 0.4296875 0.12638888888888888 0.02890625 0.11805555555555555
0 0.47734375 0.1375 0.02265625 0.11805555555555555
0 0.125 0.08333333333333333 0.03046875 0.10972222222222222
0 0.57890625 0.09583333333333334 0.02421875 0.10138888888888889
0 0.85078125 0.06666666666666667 0.025 0.10555555555555556
0 0.88671875 0.05277777777777778 0.02890625 0.08472222222222223
0 0.48203125 0.04027777777777778 0.01796875 0.08055555555555556
0 0.49765625 0.25277777777777777 0.01953125 0.08888888888888889
0 0.834375 0.07777777777777778 0.021875 0.07777777777777778
