0 0.2203125 0.5277777777777778 0.090625 0.17222222222222222
0 0.921875 0.24583333333333332 0.040625 0.225
0 0.08359375 0.8722222222222222 0.053125 0.14444444444444443
0 0.1296875 0.6277777777777778 0.04140625 0.16527777777777777
0 0.315625 0.3541666666666667 0.034375 0.21388888888888888
0 0.659375 0.7583333333333333 0.05 0.1625
0 0.58515625 0.7430555555555556 0.04375 0.18333333333333332
0 0.36953125 0.49722222222222223 0.0359375 0.16666666666666666
0 0.8265625 0.6708333333333333 0.05 0.16944444444444445
0 0.62421875 0.11666666666666667 0.0421875 0.14444444444444443
0 0.8140625 0.5277777777777778 0.04140625 0.16666666666666666
0 0.97734375 0.23472222222222222 0.04609375 0.21388888888888888
0 0.9359375 0.5638888888888889 0.04140625 0.16666666666666666
0 0.40546875 0.35833333333333334 0.0296875 0.1388888888888889
0 0.5296875 0.2263888888888889 0.03359375 0.1388888888888889
0 0.72109375 0.06388888888888888 0.03515625 0.12777777777777777
0 0.61953125 0.4111111111111111 0.0328125 0.12361111111111112
0 0.85703125 0.08194444444444444 0.03671875 0.10833333333333334
0 0.37734375 0.19027777777777777 0.0296875 0.13333333333333333
0 0.67578125 0.05555555555555555 0.0359375 0.1111111111111111
0 0.0578125 0.16805555555555557 0.02734375 0.1125
0 0.453125 0.11388888888888889 0.02421875 0.12222222222222222
0 0.49375 0.058333333333333334 0.046875 0.11805555555555555
0 0.584375 0.1486111111111111 0.025 0.10555555555555556
0 0.015625 0.11805555555555555 0.03203125 0.10138888888888889
0 0.89375 0.09166666666666666 0.03203125 0.08194444444444444
0 0.42421875 0.10694444444444444 0.02109375 0.12083333333333333
0 0.18671875 0.041666666666666664 0.0296875 0.08472222222222223
0 0.49765625 0.08333333333333333 0.01953125 0.11666666666666667
0 0.49609375 0.33055555555555555 0.02109375 0.08333333333333333
0 0.57109375 0.9763888888888889 0.02890625 0.04861111111111111
0 0.22890625 0.03333333333333333 0.02578125 0.06805555555555555
