0 0.2203125 0.5277777777777778 0.090625 0.17222222222222222
0 0.91953125 0.23194444444444445 0.0421875 0.2152777777777778
0 0.078125 0.8638888888888889 0.05078125 0.15138888888888888
0 0.13671875 0.6125 0.04765625 0.1763888888888889
0 0.5921875 0.7666666666666667 0.04609375 0.17777777777777778
0 0.315625 0.34444444444444444 0.034375 0.21666666666666667
0 0.6765625 0.7541666666666667 0.04375 0.17083333333333334
0 0.81640625 0.65 0.0453125 0.1763888888888889
0 0.809375 0.4875 0.040625 0.15138888888888888
0 0.3703125 0.5263888888888889 0.03515625 0.175
0 0.625 0.12222222222222222 0.040625 0.13472222222222222
0 0.94375 0.5861111111111111 0.040625 0.17083333333333334
0 0.48671875 0.07222222222222222 0.0359375 0.14583333333333334
0 0.40703125 0.38055555555555554 0.03046875 0.1486111111111111
0 0.9671875 0.25416666666666665 0.03515625 0.125
0 0.72421875 0.06388888888888888 0.0328125 0.12777777777777777
0 0.528125 0.2111111111111111 0.03203125 0.13472222222222222
0 0.61796875 0.4222222222222222 0.034375 0.1125
0 0.3796875 0.19722222222222222 0.02734375 0.12638888888888888
0 0.0578125 0.16805555555555557 0.02734375 0.11388888888888889
0 0.45078125 0.1125 0.02421875 0.12222222222222222
0 0.6765625 0.04722222222222222 0.03359375 0.09583333333333334
0 0.58125 0.14166666666666666 0.028125 0.10694444444444444
0 0.8609375 0.0763888888888889 0.02109375 0.10555555555555556
0 0.89375 0.08611111111111111 0.03125 0.08472222222222223
0 0.4234375 0.10694444444444444 0.02265625 0.12083333333333333
0 0.1765625 0.04861111111111111 0.02890625 0.09722222222222222
0 0.4953125 0.3138888888888889 0.02109375 0.08333333333333333
0 0.9921875 0.17083333333333334 0.01640625 0.10416666666666667
0 0.22578125 0.0375 0.02421875 0.075
0 0.84140625 0.09027777777777778 0.02421875 0.07777777777777778
0 0.0109375 0.14166666666666666 0.021875 0.06111111111111111
