0 0.2234375 0.5333333333333333 0.090625 0.17222222222222222
0 0.61640625 0.9055555555555556 0.05078125 0.1763888888888889
0 0.0515625 0.8333333333333334 0.05859375 0.16666666666666666
0 0.90703125 0.18472222222222223 0.05078125 0.2
0 0.74921875 0.7402777777777778 0.05390625 0.16666666666666666
0 0.37109375 0.6444444444444445 0.040625 0.18333333333333332
0 0.3125 0.29583333333333334 0.03203125 0.1986111111111111
0 0.1484375 0.5152777777777777 0.04375 0.1638888888888889
0 0.63125 0.17083333333333334 0.04375 0.1388888888888889
0 0.78984375 0.5458333333333333 0.0421875 0.16527777777777777
0 0.98203125 0.6875 0.0375 0.18055555555555555
0 0.7796875 0.4 0.0375 0.15694444444444444
0 0.409375 0.4597222222222222 0.03046875 0.15138888888888888
0 0.61328125 0.5055555555555555 0.03671875 0.13472222222222222
0 0.48046875 0.09166666666666666 0.02265625 0.18472222222222223
0 0.95234375 0.20555555555555555 0.034375 0.12222222222222222
0 0.38515625 0.26805555555555555 0.03125 0.14166666666666666
0 0.7375 0.06666666666666667 0.03046875 0.13333333333333333
0 0.846875 0.06527777777777778 0.0375 0.10694444444444444
0 0.528125 0.17222222222222222 0.03125 0.13333333333333333
0 0.68125 0.05694444444444444 0.0375 0.1125
0 0.20234375 0.06111111111111111 0.03984375 0.12361111111111112
0 0.06171875 0.1736111111111111 0.028125 0.11388888888888889
0 0.45234375 0.11944444444444445 0.02265625 0.12638888888888888
0 0.13515625 0.07916666666666666 0.03203125 0.11388888888888889
0 0.58046875 0.1 0.0234375 0.1
0 0.42734375 0.12361111111111112 0.02265625 0.12083333333333333
0 0.3890625 0.044444444444444446 0.03125 0.08888888888888889
0 0.88984375 0.05694444444444444 0.0296875 0.0875
0 0.49921875 0.25416666666666665 0.0234375 0.09444444444444444
