0 0.2078125 0.5361111111111111 0.059375 0.17222222222222222
0 0.61875 0.9138888888888889 0.05078125 0.1736111111111111
0 0.04765625 0.8208333333333333 0.0515625 0.14722222222222223
0 0.90625 0.18333333333333332 0.05078125 0.2013888888888889
0 0.75078125 0.7388888888888889 0.05546875 0.16805555555555557
0 0.3703125 0.6486111111111111 0.03984375 0.18055555555555555
0 0.14921875 0.5097222222222222 0.0421875 0.1638888888888889
0 0.63125 0.1736111111111111 0.04375 0.14305555555555555
0 0.3125 0.2916666666666667 0.03203125 0.18888888888888888
0 0.78828125 0.5347222222222222 0.0421875 0.15694444444444444
0 0.98203125 0.6916666666666667 0.03671875 0.1736111111111111
0 0.246875 0.5333333333333333 0.04296875 0.12777777777777777
0 0.77890625 0.39444444444444443 0.0375 0.15694444444444444
0 0.41015625 0.4638888888888889 0.03125 0.15
0 0.6125 0.5069444444444444 0.03828125 0.13472222222222222
0 0.48046875 0.09444444444444444 0.02265625 0.19027777777777777
0 0.9515625 0.20555555555555555 0.034375 0.12222222222222222
0 0.38515625 0.2708333333333333 0.03125 0.14027777777777778
0 0.84609375 0.06666666666666667 0.0390625 0.10555555555555556
0 0.73828125 0.06666666666666667 0.03046875 0.13333333333333333
0 0.40078125 0.044444444444444446 0.05546875 0.09027777777777778
0 0.528125 0.17222222222222222 0.03125 0.13333333333333333
0 0.68125 0.05694444444444444 0.03828125 0.10972222222222222
0 0.20234375 0.06388888888888888 0.040625 0.12777777777777777
0 0.06171875 0.1736111111111111 0.028125 0.1125
0 0.45234375 0.12083333333333333 0.02265625 0.12777777777777777
0 0.13203125 0.08055555555555556 0.03046875 0.11527777777777778
0 0.42890625 0.12361111111111112 0.025 0.12083333333333333
0 0.58046875 0.1 0.021875 0.10138888888888889
0 0.88828125 0.05694444444444444 0.03046875 0.08888888888888889
0 0.5 0.25277777777777777 0.025 0.09583333333333334
0 0.01796875 0.022222222222222223 0.0359375 0.044444444444444446
