0 0.221875 0.5319444444444444 0.090625 0.17222222222222222
0 0.0578125 0.8333333333333334 0.06640625 0.16111111111111112
0 0.61328125 0.9 0.05078125 0.18888888888888888
0 0.909375 0.18472222222222223 0.05 0.19722222222222222
0 0.7453125 0.7388888888888889 0.04609375 0.16527777777777777
0 0.3703125 0.6347222222222222 0.03984375 0.18611111111111112
0 0.97890625 0.6833333333333333 0.04375 0.18333333333333332
0 0.3125 0.3013888888888889 0.03203125 0.20277777777777778
0 0.14765625 0.5236111111111111 0.04375 0.16666666666666666
0 0.63046875 0.16666666666666666 0.0453125 0.14444444444444443
0 0.79140625 0.5555555555555556 0.04296875 0.16666666666666666
0 0.7828125 0.40555555555555556 0.0375 0.15555555555555556
0 0.40859375 0.45694444444444443 0.0296875 0.15555555555555556
0 0.6140625 0.4930555555555556 0.03515625 0.12638888888888888
0 0.48125 0.09166666666666666 0.02421875 0.18333333333333332
0 0.384375 0.25833333333333336 0.03046875 0.1375
0 0.953125 0.20833333333333334 0.03203125 0.12222222222222222
0 0.7375 0.06527777777777778 0.03046875 0.13055555555555556
0 0.528125 0.17222222222222222 0.03125 0.13194444444444445
0 0.67890625 0.05694444444444444 0.0421875 0.11388888888888889
0 0.0609375 0.17222222222222222 0.02734375 0.1125
0 0.203125 0.05694444444444444 0.03828125 0.11388888888888889
0 0.45234375 0.11805555555555555 0.02265625 0.125
0 0.13984375 0.0763888888888889 0.0328125 0.11666666666666667
0 0.57890625 0.10277777777777777 0.02578125 0.1
0 0.85234375 0.06527777777777778 0.028125 0.10555555555555556
0 0.42578125 0.12222222222222222 0.01953125 0.12222222222222222
0 0.3890625 0.041666666666666664 0.02890625 0.08472222222222223
0 0.8890625 0.059722222222222225 0.03125 0.08333333333333333
0 0.4984375 0.25555555555555554 0.025 0.09444444444444444
0 0.99296875 0.14583333333333334 0.01484375 0.09722222222222222
0 0.8375 0.08055555555555556 0.01796875 0.08194444444444444
