0 0.2203125 0.5277777777777778 0.090625 0.17222222222222222
0 0.0921875 0.8875 0.06484375 0.1625
0 0.925 0.25416666666666665 0.04375 0.21666666666666667
0 0.31796875 0.36666666666666664 0.0390625 0.22083333333333333
0 0.128125 0.6597222222222222 0.04453125 0.18055555555555555
0 0.64296875 0.7611111111111111 0.05859375 0.15694444444444444
0 0.8203125 0.5361111111111111 0.040625 0.1486111111111111
0 0.83046875 0.7027777777777777 0.04765625 0.18333333333333332
0 0.58125 0.7125 0.04453125 0.16944444444444445
0 0.97890625 0.2375 0.04296875 0.2152777777777778
0 0.9265625 0.5458333333333333 0.04765625 0.16527777777777777
0 0.37109375 0.4861111111111111 0.0359375 0.17222222222222222
0 0.62265625 0.10555555555555556 0.04375 0.13194444444444445
0 0.72109375 0.06388888888888888 0.0359375 0.12777777777777777
0 0.53125 0.23472222222222222 0.034375 0.1361111111111111
0 0.40546875 0.35138888888888886 0.0296875 0.14583333333333334
0 0.61875 0.40694444444444444 0.03671875 0.13055555555555556
0 0.378125 0.175 0.02578125 0.12638888888888888
0 0.50546875 0.06527777777777778 0.0328125 0.13055555555555556
0 0.67109375 0.05416666666666667 0.03984375 0.10833333333333334
0 0.56953125 0.9597222222222223 0.0359375 0.08194444444444444
0 0.45625 0.1125 0.02421875 0.12083333333333333
0 0.0578125 0.16805555555555557 0.02734375 0.11388888888888889
0 0.58515625 0.1597222222222222 0.02421875 0.10833333333333334
0 0.025 0.11666666666666667 0.03828125 0.10138888888888889
0 0.49921875 0.325 0.028125 0.09583333333333334
0 0.8671875 0.08333333333333333 0.028125 0.10972222222222222
0 0.89453125 0.09444444444444444 0.03203125 0.0763888888888889
0 0.42421875 0.10694444444444444 0.02109375 0.11944444444444445
0 0.48125 0.06944444444444445 0.01875 0.11666666666666667
0 0.19609375 0.041666666666666664 0.03515625 0.08333333333333333
0 0.14296875 0.02638888888888889 0.0265625 0.05277777777777778
0 0.85078125 0.10138888888888889 0.0234375 0.08055555555555556
