0 0.20859375 0.5361111111111111 0.059375 0.17222222222222222
0 0.61953125 0.9166666666666666 0.05078125 0.16805555555555557
0 0.90625 0.18194444444444444 0.05078125 0.20416666666666666
0 0.75234375 0.7388888888888889 0.0578125 0.16805555555555557
0 0.046875 0.8194444444444444 0.05078125 0.1486111111111111
0 0.3703125 0.65 0.03984375 0.17916666666666667
0 0.1484375 0.5041666666666667 0.04140625 0.1625
0 0.63125 0.17777777777777778 0.04296875 0.14444444444444443
0 0.31328125 0.2902777777777778 0.0328125 0.19027777777777777
0 0.78671875 0.5291666666666667 0.04140625 0.14722222222222223
0 0.98203125 0.6958333333333333 0.03671875 0.175
0 0.246875 0.5347222222222222 0.04296875 0.125
0 0.778125 0.3902777777777778 0.0375 0.15694444444444444
0 0.41015625 0.4638888888888889 0.03125 0.1486111111111111
0 0.61171875 0.5083333333333333 0.03984375 0.13333333333333333
0 0.48046875 0.09722222222222222 0.02265625 0.19444444444444445
0 0.9515625 0.20555555555555555 0.034375 0.12222222222222222
0 0.38515625 0.2708333333333333 0.03125 0.14027777777777778
0 0.84453125 0.06666666666666667 0.03828125 0.10555555555555556
0 0.73828125 0.06666666666666667 0.0296875 0.13333333333333333
0 0.40078125 0.044444444444444446 0.05546875 0.09027777777777778
0 0.528125 0.16944444444444445 0.03125 0.13333333333333333
0 0.2015625 0.06388888888888888 0.04140625 0.12777777777777777
0 0.06171875 0.1736111111111111 0.028125 0.1125
0 0.45234375 0.12083333333333333 0.02265625 0.12638888888888888
0 0.42890625 0.125 0.02578125 0.11805555555555555
0 0.13046875 0.08194444444444444 0.0296875 0.11388888888888889
0 0.68515625 0.05138888888888889 0.03046875 0.09722222222222222
0 0.5796875 0.1 0.02265625 0.10138888888888889
0 0.88828125 0.05694444444444444 0.03046875 0.08888888888888889
0 0.4984375 0.2513888888888889 0.021875 0.09861111111111111
