0 0.2203125 0.5277777777777778 0.090625 0.17222222222222222
0 0.92109375 0.24305555555555555 0.03984375 0.22916666666666666
0 0.08125 0.8694444444444445 0.05078125 0.1486111111111111
0 0.1328125 0.6194444444444445 0.04375 0.16666666666666666
0 0.315625 0.35 0.034375 0.21666666666666667
0 0.5875 0.7569444444444444 0.04375 0.19027777777777777
0 0.66875 0.7569444444444444 0.040625 0.16527777777777777
0 0.82265625 0.6583333333333333 0.04921875 0.1625
0 0.3703125 0.5013888888888889 0.034375 0.15833333333333333
0 0.62421875 0.11805555555555555 0.04140625 0.14305555555555555
0 0.8125 0.5152777777777777 0.04296875 0.1638888888888889
0 0.97734375 0.23055555555555557 0.046875 0.2111111111111111
0 0.93828125 0.5777777777777777 0.0421875 0.17777777777777778
0 0.48984375 0.07222222222222222 0.034375 0.14583333333333334
0 0.52890625 0.21805555555555556 0.0328125 0.1361111111111111
0 0.40546875 0.36527777777777776 0.0296875 0.1388888888888889
0 0.721875 0.06388888888888888 0.034375 0.12777777777777777
0 0.85546875 0.07916666666666666 0.0390625 0.10972222222222222
0 0.61953125 0.41388888888888886 0.03203125 0.11805555555555555
0 0.37734375 0.19444444444444445 0.02890625 0.13333333333333333
0 0.4515625 0.11388888888888889 0.02265625 0.12222222222222222
0 0.0578125 0.16805555555555557 0.02734375 0.1125
0 0.5828125 0.14305555555555555 0.025 0.10416666666666667
0 0.6765625 0.04722222222222222 0.03359375 0.09583333333333334
0 0.89375 0.09166666666666666 0.03203125 0.08333333333333333
0 0.42421875 0.10694444444444444 0.021875 0.12083333333333333
0 0.18125 0.044444444444444446 0.025 0.08888888888888889
0 0.49609375 0.3263888888888889 0.0203125 0.08611111111111111
0 0.0109375 0.11944444444444445 0.021875 0.10416666666666667
0 0.228125 0.03333333333333333 0.01953125 0.06805555555555555
