0 0.22109375 0.5305555555555556 0.090625 0.17222222222222222
0 0.05859375 0.8361111111111111 0.0546875 0.15138888888888888
0 0.60546875 0.8666666666666667 0.046875 0.19444444444444445
0 0.9109375 0.2 0.05 0.2125
0 0.36953125 0.5930555555555556 0.0375 0.17083333333333334
0 0.72265625 0.7375 0.05703125 0.1625
0 0.1421875 0.5361111111111111 0.03984375 0.1625
0 0.3109375 0.30833333333333335 0.03359375 0.2
0 0.97109375 0.6513888888888889 0.04609375 0.1763888888888889
0 0.62890625 0.15555555555555556 0.04375 0.15
0 0.7984375 0.5652777777777778 0.04375 0.1527777777777778
0 0.7890625 0.4263888888888889 0.040625 0.16111111111111112
0 0.40703125 0.425 0.03203125 0.14444444444444443
0 0.61328125 0.4722222222222222 0.03671875 0.12777777777777777
0 0.528125 0.18333333333333332 0.03125 0.13472222222222222
0 0.48359375 0.08888888888888889 0.02109375 0.17777777777777778
0 0.3796875 0.24166666666666667 0.03125 0.1375
0 0.95390625 0.225 0.03125 0.12777777777777777
0 0.73359375 0.06388888888888888 0.028125 0.12916666666666668
0 0.14921875 0.058333333333333334 0.03515625 0.11805555555555555
0 0.678125 0.05555555555555555 0.03828125 0.1125
0 0.059375 0.16944444444444445 0.028125 0.11527777777777778
0 0.45234375 0.1125 0.0234375 0.12361111111111112
0 0.20859375 0.05277777777777778 0.02890625 0.10555555555555556
0 0.578125 0.1111111111111111 0.02578125 0.10138888888888889
0 0.88828125 0.0625 0.03125 0.08055555555555556
0 0.42421875 0.11666666666666667 0.0203125 0.12361111111111112
0 0.85625 0.06805555555555555 0.021875 0.10833333333333334
0 0.3890625 0.034722222222222224 0.02734375 0.06944444444444445
0 0.496875 0.28055555555555556 0.01953125 0.08194444444444444
0 0.9921875 0.14583333333333334 0.01640625 0.09861111111111111
0 0.43671875 0.022222222222222223 0.03984375 0.04583333333333333
0 0.83671875 0.08194444444444444 0.0171875 0.08055555555555556
0 0.21953125 0.4888888888888889 0.0234375 0.06111111111111111
