0 0.20703125 0.5319444444444444 0.0609375 0.17222222222222222
0 0.0546875 0.8347222222222223 0.05625 0.15833333333333333
0 0.61171875 0.8958333333333334 0.0484375 0.19722222222222222
0 0.909375 0.19027777777777777 0.05078125 0.20833333333333334
0 0.97734375 0.6791666666666667 0.046875 0.1875
0 0.74296875 0.7388888888888889 0.0421875 0.16527777777777777
0 0.146875 0.525 0.04296875 0.1625
0 0.36953125 0.6263888888888889 0.03828125 0.18611111111111112
0 0.31171875 0.30416666666666664 0.03359375 0.20694444444444443
0 0.63046875 0.1638888888888889 0.0453125 0.1486111111111111
0 0.79296875 0.5597222222222222 0.04140625 0.1638888888888889
0 0.2453125 0.5319444444444444 0.04375 0.12777777777777777
0 0.78515625 0.40694444444444444 0.0375 0.1527777777777778
0 0.40859375 0.45 0.0296875 0.15694444444444444
0 0.61484375 0.48194444444444445 0.0359375 0.11527777777777778
0 0.38359375 0.25 0.0296875 0.13194444444444445
0 0.48359375 0.09027777777777778 0.021875 0.18055555555555555
0 0.95390625 0.2152777777777778 0.03125 0.12777777777777777
0 0.528125 0.17083333333333334 0.03125 0.12916666666666668
0 0.73671875 0.06527777777777778 0.02890625 0.13055555555555556
0 0.678125 0.05555555555555555 0.040625 0.1125
0 0.0609375 0.17222222222222222 0.028125 0.1125
0 0.45234375 0.11666666666666667 0.021875 0.12361111111111112
0 0.203125 0.05416666666666667 0.03671875 0.10833333333333334
0 0.140625 0.07083333333333333 0.03046875 0.11527777777777778
0 0.57890625 0.10694444444444444 0.0265625 0.10277777777777777
0 0.853125 0.06527777777777778 0.028125 0.10555555555555556
0 0.88828125 0.06111111111111111 0.03046875 0.08333333333333333
0 0.38984375 0.03888888888888889 0.0296875 0.07916666666666666
0 0.42578125 0.12222222222222222 0.01875 0.12222222222222222
0 0.49765625 0.2625 0.02421875 0.1
0 0.99296875 0.14722222222222223 0.01484375 0.09583333333333334
0 0.8375 0.08194444444444444 0.01875 0.08055555555555556
