0 0.2203125 0.5277777777777778 0.090625 0.17222222222222222
0 0.07109375 0.8583333333333333 0.053125 0.17222222222222222
0 0.91484375 0.21944444444444444 0.046875 0.2222222222222222
0 0.1375 0.5722222222222222 0.04453125 0.16111111111111112
0 0.5984375 0.8083333333333333 0.04765625 0.19305555555555556
0 0.315625 0.3263888888888889 0.03671875 0.20555555555555555
0 0.37109375 0.5444444444444444 0.0359375 0.16527777777777777
0 0.9484375 0.6166666666666667 0.05 0.17777777777777778
0 0.80703125 0.6083333333333333 0.04453125 0.1597222222222222
0 0.696875 0.7402777777777778 0.04296875 0.16944444444444445
0 0.79921875 0.46805555555555556 0.03984375 0.1638888888888889
0 0.62734375 0.1361111111111111 0.040625 0.14444444444444443
0 0.47421875 0.07916666666666666 0.05390625 0.15833333333333333
0 0.409375 0.39166666666666666 0.03125 0.14027777777777778
0 0.61328125 0.44166666666666665 0.0375 0.12638888888888888
0 0.95859375 0.24583333333333332 0.0359375 0.13055555555555556
0 0.528125 0.2 0.03203125 0.1388888888888889
0 0.7296875 0.06388888888888888 0.028125 0.12777777777777777
0 0.3796875 0.21666666666666667 0.02890625 0.13472222222222222
0 0.0578125 0.16805555555555557 0.02734375 0.11388888888888889
0 0.15703125 0.05 0.0375 0.1
0 0.45078125 0.1111111111111111 0.0234375 0.12361111111111112
0 0.68046875 0.04722222222222222 0.02890625 0.09583333333333334
0 0.58203125 0.12638888888888888 0.02421875 0.10277777777777777
0 0.42265625 0.10972222222222222 0.02421875 0.125
0 0.2203125 0.041666666666666664 0.034375 0.08472222222222223
0 0.890625 0.07222222222222222 0.03046875 0.0763888888888889
0 0.85703125 0.07222222222222222 0.02421875 0.10972222222222222
0 0.49765625 0.29305555555555557 0.0234375 0.10277777777777777
0 0.9921875 0.16111111111111112 0.01640625 0.1
0 0.83828125 0.0875 0.0203125 0.08055555555555556
0 0.38984375 0.027777777777777776 0.028125 0.05555555555555555
0 0.2140625 0.49027777777777776 0.02265625 0.05694444444444444
