0 0.2203125 0.5277777777777778 0.090625 0.17222222222222222
0 0.0703125 0.8541666666666666 0.05390625 0.16944444444444445
0 0.9140625 0.21666666666666667 0.046875 0.22083333333333333
0 0.1375 0.5708333333333333 0.04296875 0.1625
0 0.59921875 0.8152777777777778 0.0484375 0.19722222222222222
0 0.315625 0.325 0.03671875 0.20694444444444443
0 0.37109375 0.5458333333333333 0.0359375 0.16527777777777777
0 0.94921875 0.6180555555555556 0.0515625 0.17916666666666667
0 0.69921875 0.7375 0.0421875 0.16944444444444445
0 0.80703125 0.6083333333333333 0.04453125 0.16111111111111112
0 0.7984375 0.4638888888888889 0.03984375 0.16111111111111112
0 0.62734375 0.1375 0.040625 0.14722222222222223
0 0.409375 0.39444444444444443 0.03125 0.14305555555555555
0 0.7296875 0.08333333333333333 0.028125 0.16666666666666666
0 0.9578125 0.24305555555555555 0.03515625 0.12916666666666668
0 0.61328125 0.4444444444444444 0.0375 0.12777777777777777
0 0.528125 0.19722222222222222 0.03203125 0.1375
0 0.48828125 0.08055555555555556 0.0265625 0.16111111111111112
0 0.3796875 0.21666666666666667 0.02890625 0.13472222222222222
0 0.15703125 0.05 0.0375 0.1
0 0.0578125 0.16805555555555557 0.02734375 0.11388888888888889
0 0.45078125 0.1111111111111111 0.0234375 0.12361111111111112
0 0.68046875 0.04722222222222222 0.02890625 0.09583333333333334
0 0.58203125 0.125 0.0234375 0.10416666666666667
0 0.21875 0.041666666666666664 0.03125 0.08472222222222223
0 0.42265625 0.10972222222222222 0.0234375 0.125
0 0.88984375 0.07083333333333333 0.0296875 0.07361111111111111
0 0.85703125 0.07222222222222222 0.0234375 0.10972222222222222
0 0.49609375 0.2902777777777778 0.02109375 0.10138888888888889
0 0.99140625 0.16111111111111112 0.01796875 0.1
0 0.8375 0.08611111111111111 0.01953125 0.07777777777777778
0 0.3890625 0.027777777777777776 0.02734375 0.05555555555555555
0 0.46171875 0.022222222222222223 0.02890625 0.044444444444444446
0 0.2140625 0.4888888888888889 0.025 0.05416666666666667
