0 0.2203125 0.5277777777777778 0.090625 0.17222222222222222
0 0.9203125 0.23472222222222222 0.040625 0.22083333333333333
0 0.07890625 0.8652777777777778 0.05078125 0.15138888888888888
0 0.1359375 0.6152777777777778 0.04765625 0.175
0 0.59140625 0.7652777777777777 0.0453125 0.18055555555555555
0 0.315625 0.3472222222222222 0.034375 0.21805555555555556
0 0.67578125 0.7555555555555555 0.0421875 0.16805555555555557
0 0.81015625 0.49166666666666664 0.0421875 0.15
0 0.62421875 0.12222222222222222 0.04140625 0.13472222222222222
0 0.3703125 0.5222222222222223 0.03515625 0.1763888888888889
0 0.8171875 0.6527777777777778 0.04609375 0.1736111111111111
0 0.9421875 0.5861111111111111 0.04140625 0.17222222222222222
0 0.48984375 0.07222222222222222 0.0328125 0.14583333333333334
0 0.40703125 0.37916666666666665 0.0296875 0.14722222222222223
0 0.96875 0.25555555555555554 0.034375 0.12361111111111112
0 0.72265625 0.06388888888888888 0.03203125 0.12777777777777777
0 0.528125 0.2111111111111111 0.03203125 0.13472222222222222
0 0.8515625 0.0763888888888889 0.040625 0.10694444444444444
0 0.61796875 0.41944444444444445 0.03359375 0.1111111111111111
0 0.37890625 0.19722222222222222 0.0265625 0.12777777777777777
0 0.67578125 0.05555555555555555 0.0359375 0.1111111111111111
0 0.45078125 0.1125 0.02421875 0.12361111111111112
0 0.0578125 0.16805555555555557 0.02734375 0.11388888888888889
0 0.58125 0.14166666666666666 0.028125 0.10694444444444444
0 0.89375 0.08472222222222223 0.03125 0.07916666666666666
0 0.4234375 0.10694444444444444 0.02265625 0.12083333333333333
0 0.17734375 0.04861111111111111 0.02890625 0.09722222222222222
0 0.49765625 0.30694444444444446 0.02578125 0.10138888888888889
0 0.99140625 0.17222222222222222 0.01796875 0.10555555555555556
0 0.2265625 0.03611111111111111 0.02265625 0.07222222222222222
0 0.0109375 0.1375 0.021875 0.06944444444444445
