0 0.2203125 0.5277777777777778 0.090625 0.17222222222222222
0 0.91796875 0.225 0.0421875 0.2111111111111111
0 0.07578125 0.8583333333333333 0.0515625 0.15555555555555556
0 0.5953125 0.7708333333333334 0.046875 0.16944444444444445
0 0.1375 0.6013888888888889 0.04921875 0.175
0 0.31640625 0.3402777777777778 0.0359375 0.2111111111111111
0 0.68046875 0.7513888888888889 0.04765625 0.175
0 0.8125 0.6402777777777777 0.04453125 0.17777777777777778
0 0.80546875 0.4847222222222222 0.04140625 0.15833333333333333
0 0.9453125 0.5888888888888889 0.04375 0.16527777777777777
0 0.37109375 0.5361111111111111 0.0359375 0.17777777777777778
0 0.6265625 0.12777777777777777 0.040625 0.13472222222222222
0 0.4796875 0.075 0.04765625 0.15
0 0.96328125 0.25277777777777777 0.03828125 0.12777777777777777
0 0.40859375 0.38472222222222224 0.0296875 0.14444444444444443
0 0.72734375 0.06388888888888888 0.02890625 0.12777777777777777
0 0.528125 0.20972222222222223 0.03046875 0.1375
0 0.6171875 0.4361111111111111 0.034375 0.12777777777777777
0 0.38046875 0.20694444444444443 0.02890625 0.13333333333333333
0 0.67578125 0.05555555555555555 0.03671875 0.1111111111111111
0 0.0578125 0.16805555555555557 0.02734375 0.11388888888888889
0 0.4515625 0.1111111111111111 0.021875 0.12361111111111112
0 0.5828125 0.1361111111111111 0.028125 0.10694444444444444
0 0.17265625 0.05 0.03046875 0.1
0 0.4234375 0.10694444444444444 0.02265625 0.12083333333333333
0 0.49765625 0.29583333333333334 0.025 0.09722222222222222
0 0.8921875 0.07777777777777778 0.03125 0.0763888888888889
0 0.86015625 0.075 0.0203125 0.10555555555555556
0 0.22265625 0.041666666666666664 0.03125 0.08333333333333333
0 0.9921875 0.1638888888888889 0.01640625 0.1
0 0.83984375 0.09027777777777778 0.02265625 0.07777777777777778
