0 0.2078125 0.5347222222222222 0.059375 0.16944444444444445
0 0.61796875 0.9097222222222222 0.0515625 0.175
0 0.04921875 0.8333333333333334 0.05390625 0.16666666666666666
0 0.90625 0.18333333333333332 0.05078125 0.2013888888888889
0 0.75078125 0.7388888888888889 0.0546875 0.16805555555555557
0 0.14921875 0.5125 0.0421875 0.16527777777777777
0 0.3703125 0.6472222222222223 0.03984375 0.18333333333333332
0 0.3125 0.29305555555555557 0.03203125 0.19305555555555556
0 0.63125 0.17083333333333334 0.04375 0.1388888888888889
0 0.78828125 0.5416666666666666 0.04296875 0.1625
0 0.24765625 0.5319444444444444 0.0421875 0.12638888888888888
0 0.98203125 0.6888888888888889 0.03671875 0.1763888888888889
0 0.77890625 0.39861111111111114 0.03671875 0.15833333333333333
0 0.409375 0.46111111111111114 0.03046875 0.15
0 0.61328125 0.5069444444444444 0.0375 0.13333333333333333
0 0.48046875 0.09305555555555556 0.02265625 0.18611111111111112
0 0.9515625 0.20555555555555555 0.034375 0.12222222222222222
0 0.73828125 0.06666666666666667 0.03046875 0.13333333333333333
0 0.38515625 0.2708333333333333 0.03125 0.14166666666666666
0 0.846875 0.06527777777777778 0.0375 0.10694444444444444
0 0.40078125 0.044444444444444446 0.05546875 0.08888888888888889
0 0.6796875 0.05694444444444444 0.040625 0.1125
0 0.528125 0.17222222222222222 0.03125 0.13333333333333333
0 0.20234375 0.0625 0.03984375 0.125
0 0.06171875 0.1736111111111111 0.028125 0.1125
0 0.45234375 0.12083333333333333 0.02265625 0.12777777777777777
0 0.134375 0.07916666666666666 0.03125 0.1125
0 0.428125 0.12361111111111112 0.02421875 0.12083333333333333
0 0.58046875 0.1 0.0234375 0.10138888888888889
0 0.8890625 0.05694444444444444 0.02890625 0.08611111111111111
0 0.5 0.25277777777777777 0.025 0.09583333333333334
