0 0.2203125 0.5277777777777778 0.090625 0.17222222222222222
0 0.090625 0.8875 0.06171875 0.1638888888888889
0 0.9234375 0.2513888888888889 0.04375 0.21388888888888888
0 0.31796875 0.36527777777777776 0.0390625 0.21666666666666667
0 0.128125 0.6555555555555556 0.04453125 0.17916666666666667
0 0.83046875 0.6986111111111111 0.0484375 0.18333333333333332
0 0.6453125 0.7611111111111111 0.05859375 0.15694444444444444
0 0.58203125 0.7138888888888889 0.0453125 0.16666666666666666
0 0.92890625 0.5472222222222223 0.0453125 0.1625
0 0.81875 0.5347222222222222 0.040625 0.1527777777777778
0 0.97890625 0.2375 0.04296875 0.21666666666666667
0 0.3703125 0.4888888888888889 0.03515625 0.17222222222222222
0 0.62265625 0.10833333333333334 0.04375 0.13333333333333333
0 0.4953125 0.06666666666666667 0.05234375 0.13333333333333333
0 0.72109375 0.06388888888888888 0.0359375 0.12777777777777777
0 0.53046875 0.23472222222222222 0.03359375 0.14166666666666666
0 0.40546875 0.3541666666666667 0.0296875 0.14722222222222223
0 0.61953125 0.40694444444444444 0.0359375 0.125
0 0.37734375 0.1763888888888889 0.02734375 0.125
0 0.67265625 0.05555555555555555 0.0390625 0.1111111111111111
0 0.0578125 0.16805555555555557 0.02734375 0.11388888888888889
0 0.45546875 0.1125 0.02265625 0.12083333333333333
0 0.5703125 0.9625 0.034375 0.0763888888888889
0 0.58515625 0.15833333333333333 0.02421875 0.10694444444444444
0 0.0234375 0.11805555555555555 0.03984375 0.1
0 0.89453125 0.09444444444444444 0.03203125 0.07777777777777778
0 0.86640625 0.08333333333333333 0.0265625 0.10972222222222222
0 0.42421875 0.10694444444444444 0.02109375 0.12083333333333333
0 0.49609375 0.33055555555555555 0.021875 0.08333333333333333
0 0.1953125 0.041666666666666664 0.03515625 0.08472222222222223
0 0.14375 0.025 0.02578125 0.05138888888888889
0 0.85078125 0.10138888888888889 0.0234375 0.08055555555555556
0 0.23671875 0.03333333333333333 0.02109375 0.06666666666666667
