0 0.2203125 0.5277777777777778 0.090625 0.17222222222222222
0 0.06328125 0.8375 0.05078125 0.15
0 0.91015625 0.20416666666666666 0.0515625 0.20277777777777778
0 0.60234375 0.8305555555555556 0.0484375 0.17777777777777778
0 0.3125 0.31666666666666665 0.03828125 0.20555555555555555
0 0.7109375 0.7361111111111112 0.05859375 0.1625
0 0.36796875 0.5833333333333334 0.03984375 0.18333333333333332
0 0.959375 0.6333333333333333 0.05625 0.17222222222222222
0 0.13984375 0.5597222222222222 0.03984375 0.17083333333333334
0 0.62734375 0.14305555555555555 0.04140625 0.1375
0 0.8015625 0.5930555555555556 0.04375 0.16944444444444445
0 0.79296875 0.44027777777777777 0.040625 0.15694444444444444
0 0.4078125 0.4152777777777778 0.03125 0.1486111111111111
0 0.61328125 0.4666666666666667 0.0375 0.13472222222222222
0 0.95625 0.2263888888888889 0.03125 0.125
0 0.4859375 0.08055555555555556 0.021875 0.1625
0 0.528125 0.18888888888888888 0.03203125 0.13194444444444445
0 0.6765625 0.05555555555555555 0.040625 0.1111111111111111
0 0.378125 0.22916666666666666 0.03046875 0.13333333333333333
0 0.73046875 0.06388888888888888 0.02734375 0.12777777777777777
0 0.15703125 0.05694444444444444 0.0375 0.11388888888888889
0 0.45078125 0.1125 0.02421875 0.125
0 0.05859375 0.16805555555555557 0.028125 0.1125
0 0.58046875 0.11666666666666667 0.0234375 0.10555555555555556
0 0.4234375 0.1125 0.01875 0.125
0 0.8875 0.06527777777777778 0.03046875 0.075
0 0.85625 0.07083333333333333 0.021875 0.10833333333333334
0 0.215625 0.04861111111111111 0.025 0.09722222222222222
0 0.49609375 0.28194444444444444 0.02109375 0.075
0 0.99140625 0.1527777777777778 0.01796875 0.10416666666666667
0 0.38828125 0.03333333333333333 0.02578125 0.06666666666666667
0 0.83671875 0.08055555555555556 0.0171875 0.07777777777777778
