0 0.221875 0.5319444444444444 0.090625 0.17222222222222222
0 0.06015625 0.8347222222222223 0.06875 0.15833333333333333
0 0.6125 0.8972222222222223 0.04921875 0.19305555555555556
0 0.909375 0.1875 0.05 0.20277777777777778
0 0.3703125 0.6305555555555555 0.03984375 0.18472222222222223
0 0.74453125 0.7388888888888889 0.04375 0.16527777777777777
0 0.97734375 0.6819444444444445 0.04609375 0.18472222222222223
0 0.14765625 0.525 0.04375 0.1625
0 0.3125 0.30277777777777776 0.03203125 0.20555555555555555
0 0.63046875 0.16527777777777777 0.0453125 0.14722222222222223
0 0.784375 0.40555555555555556 0.0375 0.15416666666666667
0 0.79296875 0.5583333333333333 0.0421875 0.16666666666666666
0 0.409375 0.45416666666666666 0.03125 0.15833333333333333
0 0.6140625 0.4875 0.03515625 0.11666666666666667
0 0.48203125 0.09166666666666666 0.025 0.18333333333333332
0 0.384375 0.25416666666666665 0.03046875 0.1361111111111111
0 0.95390625 0.2125 0.03125 0.125
0 0.846875 0.06666666666666667 0.03828125 0.10972222222222222
0 0.528125 0.17083333333333334 0.03125 0.12916666666666668
0 0.73671875 0.06527777777777778 0.02890625 0.13055555555555556
0 0.6796875 0.05555555555555555 0.0375 0.1125
0 0.0609375 0.17222222222222222 0.028125 0.1125
0 0.45234375 0.11805555555555555 0.02265625 0.125
0 0.203125 0.05555555555555555 0.03828125 0.1111111111111111
0 0.140625 0.075 0.03125 0.11666666666666667
0 0.57890625 0.10416666666666667 0.0265625 0.10277777777777777
0 0.42578125 0.12222222222222222 0.01953125 0.12222222222222222
0 0.3890625 0.041666666666666664 0.02890625 0.08333333333333333
0 0.88828125 0.059722222222222225 0.03046875 0.08194444444444444
0 0.49765625 0.25972222222222224 0.02421875 0.09722222222222222
0 0.99296875 0.14583333333333334 0.01484375 0.09722222222222222
