0 0.22109375 0.5305555555555556 0.090625 0.17222222222222222
0 0.05859375 0.8375 0.0578125 0.1527777777777778
0 0.60703125 0.8791666666666667 0.0453125 0.2013888888888889
0 0.9109375 0.19722222222222222 0.05 0.2152777777777778
0 0.36953125 0.6 0.0375 0.16666666666666666
0 0.73359375 0.7375 0.0453125 0.1625
0 0.14375 0.5277777777777778 0.040625 0.15694444444444444
0 0.3109375 0.30694444444444446 0.03359375 0.20277777777777778
0 0.9734375 0.6638888888888889 0.04765625 0.18472222222222223
0 0.6296875 0.15833333333333333 0.04375 0.1486111111111111
0 0.796875 0.5625 0.04296875 0.15694444444444444
0 0.7875 0.4152777777777778 0.03828125 0.15138888888888888
0 0.40703125 0.43333333333333335 0.03203125 0.14444444444444443
0 0.73359375 0.08333333333333333 0.02890625 0.16805555555555557
0 0.61484375 0.47638888888888886 0.0359375 0.12638888888888888
0 0.528125 0.17916666666666667 0.03125 0.13333333333333333
0 0.48359375 0.08888888888888889 0.02109375 0.17916666666666667
0 0.38046875 0.24444444444444444 0.02890625 0.13472222222222222
0 0.95390625 0.2222222222222222 0.03125 0.12777777777777777
0 0.14921875 0.059722222222222225 0.0390625 0.11944444444444445
0 0.678125 0.05555555555555555 0.03828125 0.1125
0 0.059375 0.17083333333333334 0.028125 0.11388888888888889
0 0.45234375 0.11388888888888889 0.0234375 0.12638888888888888
0 0.2078125 0.05277777777777778 0.028125 0.10555555555555556
0 0.57734375 0.10972222222222222 0.02734375 0.10416666666666667
0 0.88828125 0.06527777777777778 0.03125 0.09166666666666666
0 0.8546875 0.06527777777777778 0.025 0.10555555555555556
0 0.42578125 0.11805555555555555 0.01875 0.12361111111111112
0 0.38984375 0.03611111111111111 0.028125 0.07222222222222222
0 0.496875 0.2763888888888889 0.01953125 0.08611111111111111
0 0.99296875 0.14583333333333334 0.015625 0.09861111111111111
0 0.8375 0.08194444444444444 0.01875 0.08055555555555556
0 0.43515625 0.022222222222222223 0.03828125 0.04583333333333333
