0 0.2078125 0.5402777777777777 0.05859375 0.16527777777777777
0 0.9015625 0.17222222222222222 0.05625 0.2
0 0.7625 0.7375 0.05703125 0.175
0 0.36796875 0.6861111111111111 0.040625 0.18888888888888888
0 0.63046875 0.18611111111111112 0.0453125 0.14444444444444443
0 0.04140625 0.8180555555555555 0.0484375 0.15555555555555556
0 0.6234375 0.9361111111111111 0.04609375 0.12916666666666668
0 0.31171875 0.2875 0.0328125 0.19722222222222222
0 0.1515625 0.4875 0.0375 0.15833333333333333
0 0.2453125 0.5361111111111111 0.04609375 0.12638888888888888
0 0.4109375 0.4847222222222222 0.0375 0.14722222222222223
0 0.77265625 0.3736111111111111 0.03671875 0.1527777777777778
0 0.78359375 0.5208333333333334 0.04140625 0.1597222222222222
0 0.61171875 0.5194444444444445 0.03984375 0.11527777777777778
0 0.94921875 0.1986111111111111 0.0328125 0.125
0 0.38359375 0.29305555555555557 0.0296875 0.11388888888888889
0 0.52578125 0.15555555555555556 0.0296875 0.12361111111111112
0 0.68203125 0.058333333333333334 0.0375 0.10555555555555556
0 0.73671875 0.058333333333333334 0.02734375 0.11666666666666667
0 0.1953125 0.06527777777777778 0.034375 0.13055555555555556
0 0.06171875 0.1763888888888889 0.02734375 0.11388888888888889
0 0.39453125 0.05 0.0390625 0.10138888888888889
0 0.4546875 0.12361111111111112 0.021875 0.12361111111111112
0 0.4296875 0.12916666666666668 0.028125 0.11944444444444445
0 0.1234375 0.09027777777777778 0.03359375 0.1111111111111111
0 0.4765625 0.14027777777777778 0.02265625 0.11944444444444445
0 0.57890625 0.09166666666666666 0.0234375 0.1
0 0.9828125 0.7263888888888889 0.03515625 0.10694444444444444
0 0.85 0.06666666666666667 0.02421875 0.10555555555555556
0 0.8859375 0.044444444444444446 0.02890625 0.06666666666666667
0 0.49765625 0.2513888888888889 0.01953125 0.07916666666666666
0 0.48125 0.04027777777777778 0.01796875 0.08055555555555556
0 0.83359375 0.08055555555555556 0.02109375 0.07222222222222222
0 0.99296875 0.1388888888888889 0.01484375 0.09027777777777778
0 0.95703125 0.025 0.01875 0.05138888888888889
0 0.08984375 0.025 0.02265625 0.05138888888888889
0 0.2265625 0.46805555555555556 0.021875 0.03194444444444444
0 0.73046875 0.1527777777777778 0.015625 0.03888888888888889
