0 0.2078125 0.5375 0.05859375 0.17083333333333334
0 0.76015625 0.7375 0.0625 0.175
0 0.36875 0.6791666666666667 0.040625 0.1875
0 0.903125 0.175 0.05625 0.20555555555555555
0 0.62109375 0.9333333333333333 0.05234375 0.13472222222222222
0 0.63046875 0.1875 0.0453125 0.15
0 0.0421875 0.8180555555555555 0.046875 0.15555555555555556
0 0.31171875 0.28888888888888886 0.03359375 0.2
0 0.15078125 0.4875 0.03828125 0.15833333333333333
0 0.24609375 0.5361111111111111 0.04609375 0.12777777777777777
0 0.4109375 0.4888888888888889 0.0375 0.16111111111111112
0 0.78359375 0.5222222222222223 0.04140625 0.15694444444444444
0 0.77421875 0.375 0.0359375 0.15
0 0.61171875 0.5180555555555556 0.040625 0.11944444444444445
0 0.38359375 0.2791666666666667 0.02890625 0.13333333333333333
0 0.94921875 0.2013888888888889 0.0328125 0.125
0 0.5265625 0.15833333333333333 0.03125 0.12777777777777777
0 0.7375 0.06666666666666667 0.028125 0.13472222222222222
0 0.68203125 0.059722222222222225 0.0375 0.10833333333333334
0 0.19609375 0.06388888888888888 0.034375 0.12916666666666668
0 0.06171875 0.1763888888888889 0.02734375 0.11388888888888889
0 0.396875 0.05 0.04375 0.1
0 0.98203125 0.7236111111111111 0.03671875 0.1125
0 0.45390625 0.12361111111111112 0.0234375 0.125
0 0.4296875 0.12777777777777777 0.02890625 0.11666666666666667
0 0.12421875 0.0875 0.0328125 0.10833333333333334
0 0.4765625 0.14027777777777778 0.02265625 0.11944444444444445
0 0.57890625 0.09444444444444444 0.02421875 0.1
0 0.85 0.06527777777777778 0.02421875 0.10694444444444444
0 0.8859375 0.044444444444444446 0.02890625 0.06805555555555555
0 0.49765625 0.25 0.01953125 0.09027777777777778
0 0.48125 0.04027777777777778 0.01796875 0.08055555555555556
0 0.83359375 0.07777777777777778 0.02109375 0.07777777777777778
0 0.99296875 0.1388888888888889 0.01484375 0.09027777777777778
0 0.090625 0.030555555555555555 0.021875 0.06111111111111111
