0 0.2203125 0.5277777777777778 0.090625 0.17222222222222222
0 0.92265625 0.24861111111111112 0.04296875 0.21944444444444444
0 0.08671875 0.8736111111111111 0.0546875 0.14166666666666666
0 0.12890625 0.6486111111111111 0.04296875 0.18333333333333332
0 0.3171875 0.35833333333333334 0.0375 0.2111111111111111
0 0.64921875 0.7597222222222222 0.05859375 0.1597222222222222
0 0.5828125 0.7194444444444444 0.04375 0.1625
0 0.828125 0.6875 0.04921875 0.18055555555555555
0 0.36953125 0.4930555555555556 0.03671875 0.17083333333333334
0 0.62265625 0.1125 0.04296875 0.14166666666666666
0 0.9328125 0.5513888888888889 0.04375 0.15833333333333333
0 0.8171875 0.5319444444444444 0.040625 0.15833333333333333
0 0.97890625 0.2375 0.04375 0.21666666666666667
0 0.721875 0.06388888888888888 0.034375 0.12777777777777777
0 0.53046875 0.23194444444444445 0.03359375 0.14027777777777778
0 0.40546875 0.3541666666666667 0.0296875 0.14166666666666666
0 0.85859375 0.08472222222222223 0.0390625 0.1125
0 0.61875 0.4083333333333333 0.034375 0.12638888888888888
0 0.49453125 0.06111111111111111 0.05078125 0.12361111111111112
0 0.37734375 0.19166666666666668 0.02890625 0.1111111111111111
0 0.0578125 0.16805555555555557 0.02734375 0.1125
0 0.4546875 0.1125 0.02265625 0.12083333333333333
0 0.584375 0.15416666666666667 0.02421875 0.10694444444444444
0 0.02109375 0.11805555555555555 0.03984375 0.10138888888888889
0 0.67578125 0.04722222222222222 0.03203125 0.09583333333333334
0 0.89453125 0.09444444444444444 0.0328125 0.08333333333333333
0 0.42421875 0.10694444444444444 0.02109375 0.12083333333333333
0 0.56953125 0.9680555555555556 0.03125 0.06527777777777778
0 0.4984375 0.08055555555555556 0.02109375 0.11666666666666667
0 0.19375 0.041666666666666664 0.0375 0.08472222222222223
0 0.49609375 0.32916666666666666 0.021875 0.08611111111111111
0 0.234375 0.03333333333333333 0.02421875 0.06805555555555555
