0 0.2203125 0.5277777777777778 0.090625 0.17222222222222222
0 0.91796875 0.22916666666666666 0.04140625 0.2111111111111111
0 0.07734375 0.8625 0.0515625 0.15555555555555556
0 0.1375 0.6097222222222223 0.04921875 0.175
0 0.59296875 0.7680555555555556 0.04609375 0.175
0 0.315625 0.34305555555555556 0.034375 0.2152777777777778
0 0.67734375 0.7541666666666667 0.0453125 0.17222222222222222
0 0.81484375 0.6472222222222223 0.0453125 0.17777777777777778
0 0.80859375 0.4875 0.040625 0.1527777777777778
0 0.3703125 0.5291666666666667 0.03515625 0.1763888888888889
0 0.625 0.12361111111111112 0.040625 0.13472222222222222
0 0.94453125 0.5875 0.0421875 0.16944444444444445
0 0.484375 0.07361111111111111 0.040625 0.14722222222222223
0 0.96640625 0.25277777777777777 0.0359375 0.12638888888888888
0 0.4078125 0.3819444444444444 0.02890625 0.1486111111111111
0 0.725 0.06388888888888888 0.03046875 0.12777777777777777
0 0.528125 0.2111111111111111 0.03125 0.13472222222222222
0 0.6171875 0.425 0.03359375 0.11527777777777778
0 0.38046875 0.2 0.028125 0.12777777777777777
0 0.67578125 0.05555555555555555 0.0359375 0.1111111111111111
0 0.4515625 0.1125 0.021875 0.12222222222222222
0 0.05859375 0.16805555555555557 0.028125 0.1125
0 0.58203125 0.14027777777777778 0.0296875 0.10833333333333334
0 0.89375 0.08472222222222223 0.03125 0.0875
0 0.17578125 0.05 0.0296875 0.1
0 0.49765625 0.3013888888888889 0.025 0.09722222222222222
0 0.4234375 0.10694444444444444 0.02265625 0.12083333333333333
0 0.86015625 0.075 0.01953125 0.10555555555555556
0 0.9921875 0.16944444444444445 0.01640625 0.10416666666666667
0 0.22578125 0.03888888888888889 0.02421875 0.07916666666666666
0 0.840625 0.09027777777777778 0.02421875 0.07777777777777778
0 0.0109375 0.14166666666666666 0.021875 0.06111111111111111
