80 311
80 357
83 405
88 454
96 502
114 546
144 580
180 607
226 616
278 611
335 591
391 568
434 531
464 486
479 433
487 377
494 321
109 259
126 238
154 235
183 239
212 248
283 255
321 244
359 240
397 247
427 271
241 298
237 327
232 354
227 383
201 418
215 423
230 427
250 425
270 421
141 301
159 293
181 294
199 309
178 313
156 311
309 312
331 299
355 298
376 309
356 317
331 317
177 503
194 484
213 473
228 477
244 474
271 488
299 507
271 523
244 528
226 528
209 525
192 517
190 500
213 489
228 491
244 491
286 504
244 508
228 507
211 504
538 410
215 727
0 760
599 597
0 0
0 400
0 799
300 799
599 799
599 400
599 0
300 0
