2.61
3.36
2.46
2.76
2.49
2.62
2.82
2.23
3.00
3.19
2.66
2.55
2.80
2.31
2.11
2.64
2.28
2.59
3.06
3.35
2.85
2.65
2.63
2.67
2.16
2.86
2.29
2.75
2.45
2.48
2.49
2.92
2.92
3.06
3.81
3.19
3.66
3.15
4.04
4.53
2.96
3.58
3.04
2.62
3.32
4.17
3.87
4.14
3.76
4.06
3.47
3.84
3.73
3.37
2.64
3.51
4.14
4.08
2.76
2.77
2.53
2.46
2.27
2.57
2.33
2.53
2.62
2.58
2.87
3.50
2.56
3.03
2.49
2.43
2.11
2.96
2.89
3.13
2.72
2.63
2.87
2.84
3.09
2.71
2.93
2.44
3.09
2.99
3.19
3.04
2.61
2.27
2.67
2.67
2.39
2.71
2.82
2.97
2.87
3.13
4.52
4.56
4.66
4.66
4.69
4.36
4.54
4.48
3.50
4.89
4.34
1.38
2.45
1.59
1.68
3.12
3.11
3.12
2.34
3.53
2.50
2.55
3.34
4.03
3.20
3.06
2.90
2.25
2.46
2.30
2.77
2.72
4.72
2.87
3.11
2.73
3.30
2.54
2.74
2.19
2.59
4.51
3.03
2.54
3.25
2.86
2.35
2.49
2.86
2.32
2.93
2.43
2.01
1.54
2.21
2.20
1.90
2.82
1.20
2.11
2.13
2.52
2.43
2.46
2.42
4.69
4.38
2.73
4.83
2.31
2.49
4.52
2.43
2.31
1.93
2.26
4.33
2.51
3.19
2.27
2.64
2.51
3.18
2.04
2.48
4.66
2.07
4.49
4.67
2.13
2.31
2.14
4.23
4.50
2.31
4.31
2.38
2.37
3.67
2.32
2.60
2.63
2.73
2.00
2.55
2.01
2.67
2.14
4.44
1.99
2.69
2.79
2.66
2.87
2.45
4.60
3.29
2.37
2.14
2.47
2.24
2.62
2.30
1.86
2.51
2.85
2.96
2.51
2.49
2.67
1.97
2.03
2.74
2.51
3.17
2.34
2.29
2.29
2.18
2.94
2.24
3.82
2.86
2.56
3.36
2.75
2.16
2.28
2.35
2.76
2.45
2.10
1.86
2.51
2.45
3.00
2.26
2.06
2.49
2.39
2.11
2.06
2.45
1.77
2.52
2.26
1.65
2.04
2.04
2.54
3.28
2.24
2.08
2.20
2.33
2.72
2.41
3.31
2.51
2.33
1.80
3.01
1.88
2.34
2.30
2.04
1.91
2.16
2.29
2.17
2.36
2.29
2.93
2.65
3.03
2.42
2.41
2.76
3.28
2.32
2.00
2.53
2.70
2.49
2.30
2.99
2.61
2.60
2.29
2.70
3.21
3.07
2.21
2.54
2.77
3.07
1.96
2.30
2.76
3.27
1.91
2.21
2.38
2.31
2.69
3.54
2.40
2.27
2.18
2.64
2.30
3.06
1.91
3.11
2.69
2.94
2.11
2.54
1.77
2.19
2.89
1.87
2.78
2.79
2.21
2.69
3.79
2.03
3.10
2.16
2.41
2.03
2.76
2.32
2.67
3.43
2.99
2.92
2.20
2.61
1.86
2.62
2.39
3.06
2.94
2.73
2.04
2.18
3.03
3.06
1.99
2.45
2.64
2.04
2.53
2.33
2.23
2.99
2.65
3.43
4.72
4.80
2.37
2.28
2.34
2.08
2.34
2.44
3.46
3.53
3.39
2.75
3.13
2.29
2.56
2.46
2.27
2.34
3.21
2.44
2.04
2.70
2.04
2.76
1.84
2.07
2.00
2.26
2.43
1.66
2.27
1.57
2.34
1.82
2.77
2.71
3.24
2.11
2.38
2.32
2.50
2.62
2.37
2.97
2.64
2.85
2.23
2.15
1.64
1.99
2.01
1.91
1.79
1.99
2.60
2.07
2.79
2.37
2.43
1.54
1.89
2.17
2.55
1.94
2.78
1.96
2.24
1.94
2.89
1.93
2.66
2.49
2.59
2.61
2.27
2.31
2.06
1.89
1.99
3.04
2.27
2.43
2.20
2.18
4.01
4.24
3.59
3.73
2.37
2.59
2.36
2.20
3.13
2.53
2.20
2.00
2.17
2.19
2.04
1.96
1.79
2.66
2.61
2.91
1.92
2.23
2.06
3.27
2.63
2.30
2.65
2.56
3.30
2.09
2.96
3.19
2.41
2.55
2.94
3.32
