361 578
366 666
372 754
389 842
423 925
475 998
537 1061
607 1110
688 1122
774 1103
847 1045
912 977
966 901
995 820
1009 732
1011 645
1012 558
429 538
466 489
526 470
590 472
650 491
737 487
795 467
858 465
917 486
952 533
693 540
693 596
693 651
693 710
609 742
650 750
693 761
734 748
773 737
504 558
537 541
572 539
607 557
572 560
538 562
778 555
815 535
850 537
886 556
850 559
814 557
526 846
577 819
643 811
692 819
739 809
800 814
851 834
802 900
742 935
692 942
641 937
577 906
539 848
644 832
693 838
740 830
836 838
740 892
691 901
642 896
