330 660
340 724
350 785
365 847
391 905
431 957
478 1002
526 1044
583 1054
643 1040
706 996
772 950
824 895
858 829
868 758
867 684
869 605
350 608
370 576
408 562
451 561
493 572
582 564
627 545
674 539
722 547
761 571
539 627
540 674
540 721
541 769
502 797
526 804
552 809
579 798
605 789
407 642
429 626
460 623
486 640
460 648
430 650
620 630
644 610
674 607
703 622
678 632
648 633
479 868
505 853
534 846
560 851
591 842
630 842
669 853
635 893
598 912
566 917
537 915
507 902
492 866
536 858
562 860
593 855
656 853
595 886
563 891
535 888
