398 556
406 618
415 681
423 741
439 801
474 852
524 892
586 921
656 925
727 909
792 875
847 831
886 775
901 708
902 638
900 569
900 501
430 503
446 460
485 436
532 429
575 442
656 439
697 417
745 414
790 428
821 460
618 486
621 529
623 572
626 617
585 648
609 655
635 661
661 648
686 635
490 514
513 495
540 491
567 507
542 513
515 516
689 494
715 471
743 467
768 483
746 488
718 492
531 733
568 718
609 711
642 713
676 704
722 700
766 709
728 758
685 778
650 784
614 785
571 775
542 733
610 724
644 724
678 717
757 712
681 758
646 765
612 765
