391 566
399 635
411 703
424 770
451 834
493 887
543 935
604 974
674 983
745 969
804 923
853 870
890 809
907 738
910 664
909 595
906 526
429 534
451 489
496 468
548 466
597 481
677 473
724 449
776 441
826 456
857 495
638 517
639 563
641 608
642 656
592 680
619 691
650 700
681 687
709 673
494 542
517 524
547 521
575 537
547 543
519 545
705 526
730 503
759 501
786 515
762 522
733 525
554 775
589 760
623 754
656 757
688 750
732 749
778 755
739 793
699 809
664 813
630 812
593 800
571 774
625 766
658 767
690 762
764 758
694 784
661 788
628 786
