271 525
269 590
269 655
274 721
287 787
313 843
355 890
402 924
467 938
538 933
612 911
683 879
740 831
779 772
798 703
810 632
821 557
293 470
319 438
362 426
410 430
455 444
509 450
569 438
630 435
688 452
726 491
473 490
464 528
454 565
445 606
406 648
429 656
455 664
489 656
523 650
336 497
362 478
394 478
422 504
391 507
359 505
562 509
593 485
627 486
658 505
627 514
593 513
366 746
394 728
431 719
460 725
492 716
544 727
596 750
542 780
493 791
459 793
428 791
393 777
381 747
431 743
460 744
492 740
581 749
493 768
460 771
429 768
