367 536
367 602
372 667
379 734
395 799
424 857
464 906
512 945
572 961
642 952
713 919
778 873
828 816
859 754
871 688
876 623
881 555
402 487
428 453
473 447
518 459
562 477
621 486
667 463
718 454
770 462
803 498
587 514
583 554
579 595
574 639
530 667
552 676
577 685
604 678
632 672
446 522
470 511
496 512
522 526
494 531
468 529
665 532
691 520
719 520
745 533
718 538
691 538
476 756
511 744
548 739
578 745
607 741
646 749
692 764
645 799
603 814
572 816
539 811
506 790
488 758
547 755
576 760
606 758
680 764
604 787
574 790
543 784
