207 242
210 269
214 297
220 322
229 349
243 373
261 394
282 412
308 416
334 408
356 388
374 367
388 344
397 319
403 291
405 263
408 235
221 241
232 225
250 219
270 219
289 223
320 222
339 216
358 215
375 220
387 233
304 240
304 259
304 277
304 296
281 311
292 312
303 314
315 310
326 307
243 247
254 240
266 239
276 245
266 247
254 249
332 243
343 236
356 236
367 242
356 245
344 245
263 346
278 341
293 336
303 340
315 335
331 338
348 342
332 353
318 360
305 362
294 361
279 356
270 347
293 347
304 348
316 345
342 343
316 345
304 348
294 347
