3,1,501,90,50,146,-1,-1,-1
3,2,373,119,43,128,-1,-1,-1
3,3,892,96,45,121,-1,-1,-1
3,4,10,160,44,154,-1,-1,-1
3,5,206,113,41,137,-1,-1,-1
3,6,418,221,66,89,-1,-1,-1
3,7,6,406,106,94,-1,-1,-1
3,8,175,104,41,139,-1,-1,-1
3,10,315,227,73,89,-1,-1,-1
3,12,0,288,26,148,-1,-1,-1
3,14,602,207,78,90,-1,-1,-1
4,1,501,91,50,146,-1,-1,-1
4,2,373,119,44,128,-1,-1,-1
4,3,890,95,46,127,-1,-1,-1
4,4,10,160,44,154,-1,-1,-1
4,5,205,114,41,137,-1,-1,-1
4,6,418,220,66,89,-1,-1,-1
4,7,6,406,106,94,-1,-1,-1
4,8,175,104,41,139,-1,-1,-1
4,10,315,226,74,90,-1,-1,-1
4,12,0,287,26,148,-1,-1,-1
4,14,603,207,78,90,-1,-1,-1
5,1,501,91,50,146,-1,-1,-1
5,2,373,119,43,125,-1,-1,-1
5,3,889,95,48,131,-1,-1,-1
5,4,10,160,44,155,-1,-1,-1
5,5,204,114,42,142,-1,-1,-1
5,6,422,220,62,83,-1,-1,-1
5,7,5,406,106,94,-1,-1,-1
5,8,175,103,41,140,-1,-1,-1
5,10,315,226,74,90,-1,-1,-1
5,12,0,289,25,144,-1,-1,-1
5,14,612,201,81,95,-1,-1,-1
6,1,500,91,50,146,-1,-1,-1
6,2,373,119,42,124,-1,-1,-1
6,3,888,95,48,132,-1,-1,-1
6,4,9,160,44,155,-1,-1,-1
6,5,203,115,41,140,-1,-1,-1
6,6,430,219,52,69,-1,-1,-1
6,7,4,405,106,94,-1,-1,-1
6,8,174,103,42,142,-1,-1,-1
6,12,0,289,25,143,-1,-1,-1
6,14,615,197,82,96,-1,-1,-1
7,1,498,91,49,144,-1,-1,-1
7,2,370,119,42,122,-1,-1,-1
7,3,886,95,48,134,-1,-1,-1
7,4,7,160,44,154,-1,-1,-1
7,5,201,112,41,140,-1,-1,-1
7,6,422,214,65,85,-1,-1,-1
7,7,2,405,107,95,-1,-1,-1
7,8,174,102,43,145,-1,-1,-1
7,12,0,289,24,139,-1,-1,-1
7,14,618,195,83,98,-1,-1,-1
7,17,809,207,77,83,-1,-1,-1
7,20,508,208,86,97,-1,-1,-1
8,1,495,90,49,143,-1,-1,-1
8,2,366,118,42,121,-1,-1,-1
8,3,883,95,48,134,-1,-1,-1
8,4,4,161,43,150,-1,-1,-1
8,5,198,112,41,140,-1,-1,-1
8,6,418,213,71,93,-1,-1,-1
8,7,0,404,107,95,-1,-1,-1
8,8,169,103,42,144,-1,-1,-1
8,10,338,228,72,89,-1,-1,-1
8,12,-1,294,23,134,-1,-1,-1
8,14,611,204,80,94,-1,-1,-1
8,17,811,205,79,86,-1,-1,-1
8,20,526,219,78,89,-1,-1,-1
8,21,885,192,90,90,-1,-1,-1
9,1,491,88,48,138,-1,-1,-1
9,2,363,118,42,120,-1,-1,-1
9,3,878,94,48,137,-1,-1,-1
9,4,0,159,43,151,-1,-1,-1
9,5,193,113,41,138,-1,-1,-1
9,6,417,213,75,98,-1,-1,-1
9,7,-2,404,105,94,-1,-1,-1
9,8,163,103,42,143,-1,-1,-1
9,10,342,229,72,89,-1,-1,-1
9,12,0,292,22,129,-1,-1,-1
9,14,613,204,80,94,-1,-1,-1
9,17,809,204,81,89,-1,-1,-1
9,20,536,222,78,90,-1,-1,-1
9,21,892,197,91,91,-1,-1,-1
9,23,28,673,50,46,-1,-1,-1
10,1,483,88,48,138,-1,-1,-1
10,2,356,116,42,121,-1,-1,-1
10,3,872,91,49,139,-1,-1,-1
10,4,-2,157,43,153,-1,-1,-1
10,5,186,111,42,143,-1,-1,-1
10,6,416,212,76,100,-1,-1,-1
10,7,-5,403,105,94,-1,-1,-1
10,8,159,98,43,144,-1,-1,-1
10,12,0,292,22,126,-1,-1,-1
10,14,621,201,74,89,-1,-1,-1
10,17,806,203,80,89,-1,-1,-1
10,20,534,223,76,89,-1,-1,-1
10,21,898,199,91,92,-1,-1,-1
10,23,21,671,52,48,-1,-1,-1
11,1,477,87,48,137,-1,-1,-1
11,2,348,116,42,120,-1,-1,-1
11,3,865,90,48,138,-1,-1,-1
11,4,-6,155,42,155,-1,-1,-1
11,5,179,110,42,142,-1,-1,-1
11,6,420,211,76,102,-1,-1,-1
11,7,-7,402,103,94,-1,-1,-1
11,8,150,98,42,140,-1,-1,-1
11,14,609,200,81,98,-1,-1,-1
11,17,802,204,78,86,-1,-1,-1
11,20,531,223,72,86,-1,-1,-1
11,21,902,199,87,90,-1,-1,-1
11,23,13,670,53,49,-1,-1,-1
12,1,470,85,47,131,-1,-1,-1
12,2,340,114,43,122,-1,-1,-1
12,3,858,89,46,134,-1,-1,-1
12,4,-9,151,41,155,-1,-1,-1
12,5,170,105,41,140,-1,-1,-1
12,6,418,208,76,105,-1,-1,-1
12,7,-10,402,99,92,-1,-1,-1
12,8,142,96,43,143,-1,-1,-1
12,10,322,227,72,89,-1,-1,-1
12,14,609,199,82,99,-1,-1,-1
12,17,798,208,78,86,-1,-1,-1
12,20,533,224,72,86,-1,-1,-1
12,21,901,195,90,94,-1,-1,-1
12,23,2,670,53,49,-1,-1,-1
12,25,707,195,82,105,-1,-1,-1
13,1,461,84,46,129,-1,-1,-1
13,2,331,112,43,123,-1,-1,-1
13,3,849,88,44,129,-1,-1,-1
13,4,-12,150,41,156,-1,-1,-1
13,5,162,106,41,141,-1,-1,-1
13,6,419,205,77,109,-1,-1,-1
13,7,-12,402,99,92,-1,-1,-1
13,8,131,97,42,139,-1,-1,-1
13,10,316,225,73,92,-1,-1,-1
13,14,597,195,90,109,-1,-1,-1
13,17,799,208,81,90,-1,-1,-1
13,20,527,219,77,93,-1,-1,-1
13,21,900,190,91,98,-1,-1,-1
13,23,-3,669,54,50,-1,-1,-1
13,25,707,191,85,107,-1,-1,-1
14,1,450,81,46,130,-1,-1,-1
14,2,319,111,44,124,-1,-1,-1
14,3,838,87,44,127,-1,-1,-1
14,5,151,104,42,145,-1,-1,-1
14,6,417,203,78,113,-1,-1,-1
14,8,121,94,42,139,-1,-1,-1
14,10,314,222,74,94,-1,-1,-1
14,14,599,194,92,112,-1,-1,-1
14,17,799,206,83,94,-1,-1,-1
14,20,518,217,79,97,-1,-1,-1
14,21,895,191,89,98,-1,-1,-1
14,23,-9,667,54,52,-1,-1,-1
14,25,706,189,87,110,-1,-1,-1
14,26,215,229,82,98,-1,-1,-1
15,1,438,80,47,133,-1,-1,-1
15,2,308,107,44,126,-1,-1,-1
15,3,827,85,43,127,-1,-1,-1
15,5,139,101,41,141,-1,-1,-1
15,6,410,200,80,117,-1,-1,-1
15,8,110,93,43,143,-1,-1,-1
15,10,310,217,83,108,-1,-1,-1
15,14,597,193,93,116,-1,-1,-1
15,17,803,205,82,94,-1,-1,-1
15,20,509,214,81,102,-1,-1,-1
15,21,893,194,88,100,-1,-1,-1
15,23,-15,664,54,54,-1,-1,-1
15,25,708,188,85,109,-1,-1,-1
15,26,216,229,83,99,-1,-1,-1
16,1,427,79,47,133,-1,-1,-1
16,2,297,104,44,125,-1,-1,-1
16,3,816,83,43,126,-1,-1,-1
16,5,128,100,41,141,-1,-1,-1
16,6,401,199,80,120,-1,-1,-1
16,8,98,92,43,143,-1,-1,-1
16,10,309,218,77,101,-1,-1,-1
16,14,600,191,91,117,-1,-1,-1
16,17,804,204,80,94,-1,-1,-1
16,20,501,202,89,115,-1,-1,-1
16,21,889,194,89,104,-1,-1,-1
16,23,-22,663,55,55,-1,-1,-1
16,25,710,187,85,111,-1,-1,-1
16,26,210,233,78,96,-1,-1,-1
17,1,416,77,50,140,-1,-1,-1
17,2,286,103,44,126,-1,-1,-1
17,3,805,81,43,128,-1,-1,-1
17,5,117,99,42,144,-1,-1,-1
17,6,399,197,81,125,-1,-1,-1
17,8,88,89,43,142,-1,-1,-1
17,10,306,227,68,91,-1,-1,-1
17,14,602,190,90,119,-1,-1,-1
17,17,804,203,79,95,-1,-1,-1
17,20,497,209,82,106,-1,-1,-1
17,21,885,192,90,107,-1,-1,-1
17,25,716,185,83,109,-1,-1,-1
17,26,209,222,84,105,-1,-1,-1
17,30,718,694,24,23,-1,-1,-1
18,1,405,75,52,146,-1,-1,-1
18,2,277,102,44,126,-1,-1,-1
18,3,795,79,45,133,-1,-1,-1
18,5,108,98,42,146,-1,-1,-1
18,6,397,197,80,125,-1,-1,-1
18,8,79,88,43,142,-1,-1,-1
18,10,298,212,77,104,-1,-1,-1
18,14,600,188,90,119,-1,-1,-1
18,17,801,203,81,99,-1,-1,-1
18,20,501,214,78,98,-1,-1,-1
18,21,881,185,91,111,-1,-1,-1
18,25,718,190,80,106,-1,-1,-1
18,26,208,212,91,116,-1,-1,-1
18,30,708,693,26,25,-1,-1,-1
19,1,395,73,52,148,-1,-1,-1
19,2,267,99,45,128,-1,-1,-1
19,3,785,76,46,138,-1,-1,-1
19,5,98,97,42,143,-1,-1,-1
19,6,398,198,80,123,-1,-1,-1
19,8,69,83,43,141,-1,-1,-1
19,10,303,211,77,106,-1,-1,-1
19,14,604,185,90,122,-1,-1,-1
19,17,798,203,83,103,-1,-1,-1
19,20,502,216,75,93,-1,-1,-1
19,21,879,188,90,108,-1,-1,-1
19,25,716,189,80,107,-1,-1,-1
19,26,206,211,90,118,-1,-1,-1
19,30,697,692,27,26,-1,-1,-1
19,31,670,693,32,25,-1,-1,-1
20,1,384,70,53,151,-1,-1,-1
20,2,256,97,45,128,-1,-1,-1
20,3,776,72,46,139,-1,-1,-1
20,5,88,93,41,141,-1,-1,-1
20,6,393,198,79,120,-1,-1,-1
20,8,58,84,42,138,-1,-1,-1
20,10,294,207,85,122,-1,-1,-1
20,14,604,183,92,124,-1,-1,-1
20,17,803,202,73,92,-1,-1,-1
20,20,510,217,69,85,-1,-1,-1
20,21,884,189,87,106,-1,-1,-1
20,25,717,195,77,105,-1,-1,-1
20,26,202,214,90,121,-1,-1,-1
20,30,686,690,29,29,-1,-1,-1
20,31,658,690,36,28,-1,-1,-1
21,1,374,67,52,149,-1,-1,-1
21,2,246,95,45,128,-1,-1,-1
21,3,765,70,46,139,-1,-1,-1
21,5,78,90,42,143,-1,-1,-1
21,6,391,198,79,119,-1,-1,-1
21,8,46,79,43,143,-1,-1,-1
21,10,292,214,80,118,-1,-1,-1
21,14,601,187,87,122,-1,-1,-1
21,17,796,199,76,97,-1,-1,-1
21,20,508,216,76,96,-1,-1,-1
21,21,893,190,83,104,-1,-1,-1
21,25,715,194,78,109,-1,-1,-1
21,26,199,219,85,117,-1,-1,-1
21,30,674,687,32,32,-1,-1,-1
21,31,645,687,40,32,-1,-1,-1
21,34,776,703,38,16,-1,-1,-1
22,1,362,64,53,150,-1,-1,-1
22,2,233,91,45,127,-1,-1,-1
22,3,753,67,44,133,-1,-1,-1
22,5,65,87,41,143,-1,-1,-1
22,6,392,197,80,123,-1,-1,-1
22,8,34,77,43,141,-1,-1,-1
22,10,287,217,77,115,-1,-1,-1
22,14,593,187,87,126,-1,-1,-1
22,17,790,198,79,101,-1,-1,-1
22,20,510,214,76,99,-1,-1,-1
22,21,897,190,79,101,-1,-1,-1
22,25,715,191,79,111,-1,-1,-1
22,26,197,218,87,120,-1,-1,-1
22,30,661,684,34,35,-1,-1,-1
22,31,633,684,43,35,-1,-1,-1
22,34,761,700,46,19,-1,-1,-1
23,1,350,59,53,151,-1,-1,-1
23,2,222,88,44,126,-1,-1,-1
23,3,742,65,43,130,-1,-1,-1
23,5,54,84,41,141,-1,-1,-1
23,6,394,197,78,123,-1,-1,-1
23,8,22,75,42,139,-1,-1,-1
23,10,284,217,73,109,-1,-1,-1
23,14,588,185,84,126,-1,-1,-1
23,17,790,197,79,102,-1,-1,-1
23,20,511,213,75,98,-1,-1,-1
23,21,895,185,81,106,-1,-1,-1
23,25,704,185,82,115,-1,-1,-1
23,26,194,220,79,108,-1,-1,-1
23,30,647,679,37,40,-1,-1,-1
23,31,619,680,48,39,-1,-1,-1
23,34,746,696,54,23,-1,-1,-1
23,35,42,679,56,40,-1,-1,-1
24,1,339,56,51,146,-1,-1,-1
24,2,208,84,46,132,-1,-1,-1
24,3,730,61,43,131,-1,-1,-1
24,5,41,79,41,139,-1,-1,-1
24,6,397,206,69,112,-1,-1,-1
24,8,15,73,42,139,-1,-1,-1
24,10,279,217,71,107,-1,-1,-1
24,14,581,180,83,126,-1,-1,-1
24,17,791,196,78,103,-1,-1,-1
24,20,500,211,77,103,-1,-1,-1
24,21,895,175,82,111,-1,-1,-1
24,25,705,183,80,112,-1,-1,-1
24,26,191,219,80,108,-1,-1,-1
24,30,634,675,39,43,-1,-1,-1
24,31,605,676,51,43,-1,-1,-1
24,34,730,692,61,27,-1,-1,-1
24,35,30,676,59,42,-1,-1,-1
25,1,325,52,52,148,-1,-1,-1
25,2,195,80,46,130,-1,-1,-1
25,3,716,56,44,134,-1,-1,-1
25,5,26,75,41,139,-1,-1,-1
25,6,402,226,54,89,-1,-1,-1
25,8,1,65,41,139,-1,-1,-1
25,10,280,217,71,107,-1,-1,-1
25,14,575,170,88,134,-1,-1,-1
25,17,793,193,77,104,-1,-1,-1
25,20,499,211,78,105,-1,-1,-1
25,21,894,178,78,108,-1,-1,-1
25,25,706,186,79,114,-1,-1,-1
25,26,188,220,83,113,-1,-1,-1
25,30,621,673,41,46,-1,-1,-1
25,31,589,672,54,47,-1,-1,-1
25,34,713,688,68,31,-1,-1,-1
25,35,16,674,62,44,-1,-1,-1
25,36,-9,681,45,38,-1,-1,-1
26,1,311,48,52,148,-1,-1,-1
26,2,181,76,46,133,-1,-1,-1
26,3,702,54,44,135,-1,-1,-1
26,5,13,72,41,142,-1,-1,-1
26,6,391,204,65,111,-1,-1,-1
26,8,-8,65,39,138,-1,-1,-1
26,10,282,216,69,106,-1,-1,-1
26,14,572,164,89,138,-1,-1,-1
26,17,795,191,74,102,-1,-1,-1
26,20,493,208,77,107,-1,-1,-1
26,21,891,181,77,110,-1,-1,-1
26,25,707,183,77,111,-1,-1,-1
26,26,186,221,83,116,-1,-1,-1
26,30,611,670,42,48,-1,-1,-1
26,31,575,669,56,50,-1,-1,-1
26,34,697,685,72,34,-1,-1,-1
26,35,0,670,67,49,-1,-1,-1
26,36,-14,679,47,40,-1,-1,-1
27,1,297,46,52,148,-1,-1,-1
27,2,168,73,45,128,-1,-1,-1
27,3,688,50,44,136,-1,-1,-1
27,5,0,69,41,142,-1,-1,-1
27,6,380,187,75,130,-1,-1,-1
27,8,-17,62,39,138,-1,-1,-1
27,10,280,215,67,106,-1,-1,-1
27,14,576,177,83,130,-1,-1,-1
27,17,792,191,72,101,-1,-1,-1
27,20,489,207,74,105,-1,-1,-1
27,21,890,180,76,113,-1,-1,-1
27,25,715,184,76,112,-1,-1,-1
27,26,190,224,79,113,-1,-1,-1
27,30,596,666,44,52,-1,-1,-1
27,31,560,667,57,52,-1,-1,-1
27,34,681,681,75,37,-1,-1,-1
27,35,-11,668,71,51,-1,-1,-1
28,1,283,41,52,151,-1,-1,-1
28,2,154,69,45,128,-1,-1,-1
28,3,674,46,45,139,-1,-1,-1
28,5,-7,63,39,141,-1,-1,-1
28,6,377,182,78,139,-1,-1,-1
28,10,276,213,66,107,-1,-1,-1
28,14,575,179,80,127,-1,-1,-1
28,17,787,191,70,100,-1,-1,-1
28,20,483,207,73,103,-1,-1,-1
28,21,887,178,75,112,-1,-1,-1
28,25,712,184,77,114,-1,-1,-1
28,26,190,227,72,107,-1,-1,-1
28,30,580,661,44,54,-1,-1,-1
28,31,546,664,59,55,-1,-1,-1
28,34,665,677,80,41,-1,-1,-1
29,1,268,38,52,149,-1,-1,-1
29,2,138,65,46,132,-1,-1,-1
29,3,660,42,45,140,-1,-1,-1
29,5,-18,60,39,141,-1,-1,-1
29,6,379,183,75,138,-1,-1,-1
29,10,273,212,64,107,-1,-1,-1
29,14,578,180,76,124,-1,-1,-1
29,17,784,187,75,109,-1,-1,-1
29,20,485,206,72,102,-1,-1,-1
29,21,881,171,77,116,-1,-1,-1
29,25,706,180,80,119,-1,-1,-1
29,26,188,233,63,96,-1,-1,-1
29,30,565,658,43,55,-1,-1,-1
29,31,530,660,62,60,-1,-1,-1
29,34,648,674,84,45,-1,-1,-1
30,1,253,34,52,150,-1,-1,-1
30,2,123,62,46,130,-1,-1,-1
30,3,645,39,44,139,-1,-1,-1
30,6,373,183,74,138,-1,-1,-1
30,10,269,211,64,109,-1,-1,-1
30,14,572,176,76,126,-1,-1,-1
30,17,781,183,77,114,-1,-1,-1
30,20,490,202,79,114,-1,-1,-1
30,21,882,172,73,108,-1,-1,-1
30,25,699,183,80,121,-1,-1,-1
30,26,191,234,59,93,-1,-1,-1
30,30,558,657,46,59,-1,-1,-1
30,31,514,656,63,63,-1,-1,-1
30,34,633,671,86,48,-1,-1,-1
30,45,812,680,54,39,-1,-1,-1
30,46,577,686,53,32,-1,-1,-1
30,47,895,699,37,20,-1,-1,-1
31,1,238,31,52,149,-1,-1,-1
31,2,108,59,45,130,-1,-1,-1
31,3,631,36,44,138,-1,-1,-1
31,6,367,184,71,132,-1,-1,-1
31,10,265,208,70,121,-1,-1,-1
31,14,571,183,72,120,-1,-1,-1
31,17,777,181,75,112,-1,-1,-1
31,20,488,199,79,118,-1,-1,-1
31,21,885,176,71,107,-1,-1,-1
31,25,697,184,80,123,-1,-1,-1
31,26,184,224,68,109,-1,-1,-1
31,30,548,656,50,62,-1,-1,-1
31,31,498,652,65,67,-1,-1,-1
31,34,619,668,87,50,-1,-1,-1
31,45,795,677,58,42,-1,-1,-1
31,46,568,685,54,33,-1,-1,-1
31,47,879,697,40,22,-1,-1,-1
32,1,223,29,52,150,-1,-1,-1
32,2,92,57,45,129,-1,-1,-1
32,3,615,34,43,137,-1,-1,-1
32,6,364,185,71,130,-1,-1,-1
32,10,258,205,72,126,-1,-1,-1
32,14,561,187,71,117,-1,-1,-1
32,17,771,180,78,117,-1,-1,-1
32,20,488,200,75,116,-1,-1,-1
32,21,886,178,72,109,-1,-1,-1
32,25,695,178,82,128,-1,-1,-1
32,26,176,220,70,115,-1,-1,-1
32,30,533,653,54,65,-1,-1,-1
32,31,482,650,65,69,-1,-1,-1
32,34,603,665,90,53,-1,-1,-1
32,45,777,675,61,44,-1,-1,-1
32,47,858,693,48,26,-1,-1,-1
33,1,207,25,52,148,-1,-1,-1
33,2,76,52,45,130,-1,-1,-1
33,3,599,29,43,138,-1,-1,-1
33,6,363,185,73,132,-1,-1,-1
33,10,248,201,72,127,-1,-1,-1
33,14,552,187,75,126,-1,-1,-1
33,17,771,180,78,118,-1,-1,-1
33,20,485,201,70,110,-1,-1,-1
33,21,882,177,72,111,-1,-1,-1
33,25,688,177,79,126,-1,-1,-1
33,26,169,214,70,118,-1,-1,-1
33,30,514,649,57,69,-1,-1,-1
33,31,466,647,65,72,-1,-1,-1
33,34,584,660,94,58,-1,-1,-1
33,45,758,671,65,48,-1,-1,-1
33,47,838,689,54,30,-1,-1,-1
34,1,190,22,52,149,-1,-1,-1
34,2,60,49,46,130,-1,-1,-1
34,3,582,24,43,139,-1,-1,-1
34,6,365,185,73,135,-1,-1,-1
34,10,243,204,71,122,-1,-1,-1
34,14,552,188,75,128,-1,-1,-1
34,17,773,179,78,121,-1,-1,-1
34,20,482,202,69,113,-1,-1,-1
34,21,877,174,74,114,-1,-1,-1
34,25,684,178,76,120,-1,-1,-1
34,26,160,213,73,121,-1,-1,-1
34,30,495,644,59,74,-1,-1,-1
34,31,447,642,67,76,-1,-1,-1
34,34,569,658,94,60,-1,-1,-1
34,45,741,668,68,51,-1,-1,-1
34,47,817,685,60,32,-1,-1,-1
35,1,174,18,52,147,-1,-1,-1
35,2,44,46,45,130,-1,-1,-1
35,3,567,23,42,136,-1,-1,-1
35,6,366,183,72,136,-1,-1,-1
35,10,241,201,73,126,-1,-1,-1
35,14,549,187,73,125,-1,-1,-1
35,17,775,177,75,121,-1,-1,-1
35,20,477,192,74,123,-1,-1,-1
35,21,875,175,70,107,-1,-1,-1
35,25,687,182,76,123,-1,-1,-1
35,26,155,214,72,118,-1,-1,-1
35,30,478,642,60,76,-1,-1,-1
35,31,430,639,67,79,-1,-1,-1
35,34,553,655,96,63,-1,-1,-1
35,45,726,664,72,55,-1,-1,-1
35,47,793,681,67,36,-1,-1,-1
35,56,1183,17,34,61,-1,-1,-1
35,57,533,662,48,57,-1,-1,-1
36,1,158,15,52,149,-1,-1,-1
36,2,28,42,46,132,-1,-1,-1
36,3,552,20,42,136,-1,-1,-1
36,6,364,183,70,135,-1,-1,-1
36,10,244,205,71,125,-1,-1,-1
36,14,542,178,76,131,-1,-1,-1
36,17,778,175,73,119,-1,-1,-1
36,20,475,195,70,121,-1,-1,-1
36,21,879,178,67,105,-1,-1,-1
36,25,691,181,76,125,-1,-1,-1
36,26,159,214,74,125,-1,-1,-1
36,30,459,638,63,81,-1,-1,-1
36,31,414,636,68,83,-1,-1,-1
36,34,538,652,97,66,-1,-1,-1
36,45,708,660,75,59,-1,-1,-1
36,47,774,677,75,41,-1,-1,-1
36,56,1168,15,32,57,-1,-1,-1
36,57,515,653,56,66,-1,-1,-1
37,1,143,12,52,148,-1,-1,-1
37,2,13,40,45,129,-1,-1,-1
37,3,537,17,42,136,-1,-1,-1
37,6,362,181,69,135,-1,-1,-1
37,10,243,205,69,125,-1,-1,-1
37,14,537,175,76,130,-1,-1,-1
37,17,776,175,72,117,-1,-1,-1
37,20,468,182,76,135,-1,-1,-1
37,21,877,178,69,110,-1,-1,-1
37,25,691,179,69,113,-1,-1,-1
37,26,159,213,75,129,-1,-1,-1
37,30,443,634,63,84,-1,-1,-1
37,31,395,630,70,88,-1,-1,-1
37,34,521,647,100,71,-1,-1,-1
37,45,692,657,78,62,-1,-1,-1
37,47,761,674,81,44,-1,-1,-1
37,56,1151,11,34,61,-1,-1,-1
37,57,498,645,61,73,-1,-1,-1
37,58,1226,26,37,142,-1,-1,-1
38,1,128,9,52,148,-1,-1,-1
38,2,0,35,45,129,-1,-1,-1
38,3,522,14,41,134,-1,-1,-1
38,6,362,177,68,138,-1,-1,-1
38,10,244,205,65,121,-1,-1,-1
38,14,544,177,76,131,-1,-1,-1
38,17,772,175,72,118,-1,-1,-1
38,20,464,186,73,128,-1,-1,-1
38,21,875,176,71,114,-1,-1,-1
38,25,689,179,71,116,-1,-1,-1
38,26,162,214,72,126,-1,-1,-1
38,30,429,629,66,89,-1,-1,-1
38,31,379,625,72,93,-1,-1,-1
38,34,505,642,102,76,-1,-1,-1
38,45,675,651,82,68,-1,-1,-1
38,47,735,669,88,49,-1,-1,-1
38,56,1138,7,30,53,-1,-1,-1
38,57,483,637,65,81,-1,-1,-1
38,58,1211,19,37,143,-1,-1,-1
39,1,113,7,51,145,-1,-1,-1
39,2,-9,32,43,129,-1,-1,-1
39,3,508,11,41,133,-1,-1,-1
39,6,360,175,69,142,-1,-1,-1
39,10,242,206,63,117,-1,-1,-1
39,14,546,177,77,137,-1,-1,-1
39,17,773,175,73,123,-1,-1,-1
39,20,465,192,68,118,-1,-1,-1
39,21,868,172,73,118,-1,-1,-1
39,25,688,175,72,117,-1,-1,-1
39,26,162,227,61,111,-1,-1,-1
39,30,414,624,66,92,-1,-1,-1
39,31,366,624,70,94,-1,-1,-1
39,34,490,639,103,80,-1,-1,-1
39,45,659,648,83,71,-1,-1,-1
39,47,728,666,93,52,-1,-1,-1
39,56,1122,3,30,54,-1,-1,-1
39,57,464,629,71,90,-1,-1,-1
39,58,1194,14,39,146,-1,-1,-1
39,59,1243,16,23,146,-1,-1,-1
40,1,98,4,51,145,-1,-1,-1
40,2,-15,35,39,124,-1,-1,-1
40,3,493,10,41,130,-1,-1,-1
40,6,357,177,70,149,-1,-1,-1
40,10,245,205,62,119,-1,-1,-1
40,14,548,177,76,137,-1,-1,-1
40,17,770,173,73,124,-1,-1,-1
40,20,470,195,70,123,-1,-1,-1
40,21,868,170,70,111,-1,-1,-1
40,25,688,178,74,119,-1,-1,-1
40,26,163,217,64,117,-1,-1,-1
40,30,399,620,67,95,-1,-1,-1
40,31,355,631,64,87,-1,-1,-1
40,34,475,635,104,84,-1,-1,-1
40,45,643,643,85,75,-1,-1,-1
40,47,724,662,97,56,-1,-1,-1
40,56,1109,2,29,52,-1,-1,-1
40,57,446,621,76,97,-1,-1,-1
40,58,1178,8,40,147,-1,-1,-1
40,59,1229,12,24,146,-1,-1,-1
41,1,83,1,51,144,-1,-1,-1
41,2,-28,33,39,124,-1,-1,-1
41,3,478,8,40,127,-1,-1,-1
41,6,352,177,69,150,-1,-1,-1
41,10,242,203,66,129,-1,-1,-1
41,14,549,174,74,135,-1,-1,-1
41,17,766,172,72,124,-1,-1,-1
41,20,472,195,71,128,-1,-1,-1
41,21,872,172,70,111,-1,-1,-1
41,25,689,175,79,132,-1,-1,-1
41,26,163,209,67,126,-1,-1,-1
41,30,384,617,68,98,-1,-1,-1
41,31,342,636,59,82,-1,-1,-1
41,34,460,630,105,89,-1,-1,-1
41,45,627,640,86,78,-1,-1,-1
41,47,712,658,101,61,-1,-1,-1
41,56,1094,1,27,48,-1,-1,-1
41,57,428,612,80,105,-1,-1,-1
41,58,1162,7,40,145,-1,-1,-1
41,59,1212,9,25,145,-1,-1,-1
42,1,67,0,51,142,-1,-1,-1
42,3,462,5,40,126,-1,-1,-1
42,6,347,177,69,148,-1,-1,-1
42,10,237,201,66,132,-1,-1,-1
42,14,546,171,74,136,-1,-1,-1
42,17,765,172,74,127,-1,-1,-1
42,20,473,191,73,135,-1,-1,-1
42,21,877,173,72,115,-1,-1,-1
42,25,690,176,78,134,-1,-1,-1
42,26,154,206,71,135,-1,-1,-1
42,30,372,621,64,95,-1,-1,-1
42,31,333,639,58,79,-1,-1,-1
42,34,445,626,105,93,-1,-1,-1
42,45,611,636,87,82,-1,-1,-1
42,47,694,652,108,67,-1,-1,-1
42,56,1080,-1,26,46,-1,-1,-1
42,57,410,605,84,112,-1,-1,-1
42,58,1146,5,40,141,-1,-1,-1
42,59,1196,7,26,144,-1,-1,-1
43,1,53,0,49,137,-1,-1,-1
43,3,447,2,39,125,-1,-1,-1
43,6,344,178,67,139,-1,-1,-1
43,10,232,200,66,130,-1,-1,-1
43,14,548,169,73,135,-1,-1,-1
43,17,771,173,73,129,-1,-1,-1
43,20,467,191,72,131,-1,-1,-1
43,21,875,172,73,116,-1,-1,-1
43,25,688,175,77,134,-1,-1,-1
43,26,154,206,72,138,-1,-1,-1
43,30,358,619,66,97,-1,-1,-1
43,31,319,638,59,80,-1,-1,-1
43,34,435,623,104,95,-1,-1,-1
43,45,596,632,87,85,-1,-1,-1
43,47,678,649,108,70,-1,-1,-1
43,57,393,599,86,119,-1,-1,-1
43,58,1130,1,41,142,-1,-1,-1
43,59,1179,2,27,144,-1,-1,-1
44,1,37,-1,49,135,-1,-1,-1
44,3,432,0,39,122,-1,-1,-1
44,6,352,179,66,137,-1,-1,-1
44,10,229,201,67,129,-1,-1,-1
44,14,543,170,75,140,-1,-1,-1
44,17,772,173,71,127,-1,-1,-1
44,20,466,194,70,126,-1,-1,-1
44,21,872,171,74,116,-1,-1,-1
44,25,686,175,75,130,-1,-1,-1
44,26,148,206,72,139,-1,-1,-1
44,31,298,637,59,81,-1,-1,-1
44,34,419,620,103,97,-1,-1,-1
44,45,580,629,87,88,-1,-1,-1
44,47,659,642,114,77,-1,-1,-1
44,57,378,594,87,124,-1,-1,-1
44,58,1114,0,42,141,-1,-1,-1
44,59,1163,1,27,141,-1,-1,-1
44,61,780,687,52,31,-1,-1,-1
45,1,22,-1,48,131,-1,-1,-1
45,3,416,0,39,121,-1,-1,-1
45,6,357,181,68,141,-1,-1,-1
45,10,237,202,68,131,-1,-1,-1
45,14,539,169,78,149,-1,-1,-1
45,17,778,172,70,126,-1,-1,-1
45,20,467,194,73,133,-1,-1,-1
45,21,874,170,71,111,-1,-1,-1
45,25,690,178,72,125,-1,-1,-1
45,26,143,206,70,132,-1,-1,-1
45,31,283,636,59,82,-1,-1,-1
45,34,404,617,103,100,-1,-1,-1
45,45,565,626,87,91,-1,-1,-1
45,47,640,632,123,87,-1,-1,-1
45,57,363,591,86,128,-1,-1,-1
45,58,1099,-1,42,138,-1,-1,-1
45,59,1146,0,28,140,-1,-1,-1
45,61,761,683,58,35,-1,-1,-1
46,1,6,-1,48,129,-1,-1,-1
46,3,401,-1,38,119,-1,-1,-1
46,6,357,181,68,144,-1,-1,-1
46,10,240,203,68,134,-1,-1,-1
46,14,538,168,77,152,-1,-1,-1
46,17,780,173,69,124,-1,-1,-1
46,20,471,196,73,137,-1,-1,-1
46,21,875,173,74,116,-1,-1,-1
46,25,697,179,74,130,-1,-1,-1
46,26,146,207,69,132,-1,-1,-1
46,31,268,635,60,83,-1,-1,-1
46,34,392,614,106,105,-1,-1,-1
46,45,551,624,86,94,-1,-1,-1
46,47,623,625,127,94,-1,-1,-1
46,57,347,585,90,134,-1,-1,-1
46,58,1083,-1,42,136,-1,-1,-1
46,59,1130,1,28,135,-1,-1,-1
46,61,742,680,64,38,-1,-1,-1
47,1,-1,0,42,113,-1,-1,-1
47,3,385,-1,38,118,-1,-1,-1
47,6,356,182,69,147,-1,-1,-1
47,10,243,202,67,133,-1,-1,-1
47,14,535,167,76,151,-1,-1,-1
47,17,780,174,68,125,-1,-1,-1
47,20,474,196,72,135,-1,-1,-1
47,21,876,174,75,120,-1,-1,-1
47,25,698,179,75,133,-1,-1,-1
47,26,149,208,71,139,-1,-1,-1
47,34,380,613,106,106,-1,-1,-1
47,45,537,621,85,96,-1,-1,-1
47,47,607,617,129,101,-1,-1,-1
47,58,1067,-1,41,131,-1,-1,-1
47,59,1113,0,29,134,-1,-1,-1
47,61,722,677,70,41,-1,-1,-1
48,1,-15,0,41,109,-1,-1,-1
48,3,369,-1,37,112,-1,-1,-1
48,6,358,182,67,147,-1,-1,-1
48,10,243,202,66,134,-1,-1,-1
48,14,533,166,74,145,-1,-1,-1
48,17,777,175,69,129,-1,-1,-1
48,20,470,195,71,133,-1,-1,-1
48,21,878,174,76,125,-1,-1,-1
48,25,693,179,72,123,-1,-1,-1
48,26,148,209,72,143,-1,-1,-1
48,31,229,627,64,90,-1,-1,-1
48,34,373,634,88,85,-1,-1,-1
48,45,519,616,85,100,-1,-1,-1
48,47,591,612,129,107,-1,-1,-1
48,58,1051,-1,41,128,-1,-1,-1
48,59,1097,0,30,130,-1,-1,-1
48,61,704,673,76,44,-1,-1,-1
49,3,353,0,36,106,-1,-1,-1
49,6,355,181,66,142,-1,-1,-1
49,10,242,201,66,133,-1,-1,-1
49,14,533,167,75,146,-1,-1,-1
49,17,777,173,69,132,-1,-1,-1
49,20,469,195,70,127,-1,-1,-1
49,21,875,172,77,128,-1,-1,-1
49,25,697,179,73,126,-1,-1,-1
49,26,139,208,74,145,-1,-1,-1
49,31,208,613,71,106,-1,-1,-1
49,34,359,633,89,86,-1,-1,-1
49,45,504,612,84,102,-1,-1,-1
49,47,577,609,126,109,-1,-1,-1
49,58,1033,0,41,123,-1,-1,-1
49,59,1079,1,30,126,-1,-1,-1
49,61,685,670,81,47,-1,-1,-1
50,3,337,1,35,102,-1,-1,-1
50,6,358,180,67,146,-1,-1,-1
50,10,244,203,64,131,-1,-1,-1
50,14,538,166,77,153,-1,-1,-1
50,17,775,173,67,129,-1,-1,-1
50,20,476,196,72,132,-1,-1,-1
50,21,875,170,72,118,-1,-1,-1
50,25,695,179,75,127,-1,-1,-1
50,26,141,211,70,134,-1,-1,-1
50,31,190,594,78,122,-1,-1,-1
50,45,489,609,81,102,-1,-1,-1
50,47,562,603,125,115,-1,-1,-1
50,58,1018,-1,40,121,-1,-1,-1
50,59,1065,0,30,124,-1,-1,-1
50,61,665,665,88,51,-1,-1,-1
51,3,321,0,34,99,-1,-1,-1
51,6,356,181,69,155,-1,-1,-1
51,10,250,205,53,108,-1,-1,-1
51,14,542,167,76,155,-1,-1,-1
51,17,774,172,66,124,-1,-1,-1
51,20,481,195,74,138,-1,-1,-1
51,21,878,171,75,121,-1,-1,-1
51,25,698,179,76,132,-1,-1,-1
51,26,146,211,63,116,-1,-1,-1
51,31,176,584,80,129,-1,-1,-1
51,45,475,604,79,103,-1,-1,-1
51,47,548,597,127,122,-1,-1,-1
51,58,1001,1,38,112,-1,-1,-1
51,61,645,661,96,56,-1,-1,-1
51,63,277,560,75,156,-1,-1,-1
52,3,305,0,33,94,-1,-1,-1
52,6,356,179,70,160,-1,-1,-1
52,10,247,203,60,123,-1,-1,-1
52,14,545,164,74,154,-1,-1,-1
52,17,779,172,67,129,-1,-1,-1
52,20,483,193,74,142,-1,-1,-1
52,21,884,172,77,127,-1,-1,-1
52,25,697,178,79,140,-1,-1,-1
52,26,141,210,73,135,-1,-1,-1
52,30,214,574,67,105,-1,-1,-1
52,31,160,576,80,134,-1,-1,-1
52,45,459,600,75,101,-1,-1,-1
52,47,533,594,123,125,-1,-1,-1
52,58,984,1,38,107,-1,-1,-1
52,59,1030,3,28,111,-1,-1,-1
52,61,625,657,103,61,-1,-1,-1
52,63,260,553,77,162,-1,-1,-1
52,64,309,649,92,70,-1,-1,-1
53,3,288,0,31,88,-1,-1,-1
53,6,350,177,69,160,-1,-1,-1
53,10,239,201,64,133,-1,-1,-1
53,14,543,161,74,155,-1,-1,-1
53,17,782,172,68,133,-1,-1,-1
53,20,481,185,75,147,-1,-1,-1
53,21,886,171,77,127,-1,-1,-1
53,25,695,176,78,141,-1,-1,-1
53,26,138,208,78,148,-1,-1,-1
53,30,199,566,65,107,-1,-1,-1
53,31,144,569,79,135,-1,-1,-1
53,45,444,595,70,96,-1,-1,-1
53,47,517,587,124,132,-1,-1,-1
53,58,967,0,37,102,-1,-1,-1
53,59,1010,3,28,107,-1,-1,-1
53,61,607,650,113,67,-1,-1,-1
53,63,240,544,78,167,-1,-1,-1
53,64,291,648,92,71,-1,-1,-1
54,3,270,2,29,80,-1,-1,-1
54,6,344,176,68,154,-1,-1,-1
54,10,236,201,67,136,-1,-1,-1
54,14,542,162,73,149,-1,-1,-1
54,17,777,169,69,135,-1,-1,-1
54,20,478,183,75,146,-1,-1,-1
54,21,883,169,77,126,-1,-1,-1
54,25,690,173,78,139,-1,-1,-1
54,26,135,206,78,151,-1,-1,-1
54,30,183,562,62,106,-1,-1,-1
54,31,126,566,76,132,-1,-1,-1
54,45,427,590,68,95,-1,-1,-1
54,47,499,581,124,138,-1,-1,-1
54,58,950,1,36,97,-1,-1,-1
54,59,993,1,28,104,-1,-1,-1
54,61,582,645,120,73,-1,-1,-1
54,63,225,541,76,165,-1,-1,-1
54,64,280,648,93,71,-1,-1,-1
55,3,252,1,28,76,-1,-1,-1
55,6,345,176,70,154,-1,-1,-1
55,10,242,200,68,139,-1,-1,-1
55,14,544,161,74,155,-1,-1,-1
55,17,781,166,70,134,-1,-1,-1
55,20,482,184,72,146,-1,-1,-1
55,21,885,166,75,121,-1,-1,-1
55,25,692,173,75,133,-1,-1,-1
55,26,127,203,79,152,-1,-1,-1
55,30,168,559,58,101,-1,-1,-1
55,31,111,561,75,132,-1,-1,-1
55,45,407,584,68,96,-1,-1,-1
55,47,481,575,123,144,-1,-1,-1
55,58,933,0,35,91,-1,-1,-1
55,59,975,2,27,95,-1,-1,-1
55,61,561,639,126,79,-1,-1,-1
55,63,207,536,74,163,-1,-1,-1
55,67,1250,2,16,149,-1,-1,-1
56,3,234,1,28,73,-1,-1,-1
56,6,356,178,71,156,-1,-1,-1
56,10,243,199,69,145,-1,-1,-1
56,14,540,161,76,162,-1,-1,-1
56,17,787,166,67,130,-1,-1,-1
56,20,485,187,72,149,-1,-1,-1
56,21,887,166,74,118,-1,-1,-1
56,25,701,174,73,132,-1,-1,-1
56,26,125,204,76,144,-1,-1,-1
56,30,151,552,58,103,-1,-1,-1
56,31,93,554,75,135,-1,-1,-1
56,45,395,581,65,94,-1,-1,-1
56,47,466,570,122,149,-1,-1,-1
56,58,917,0,35,87,-1,-1,-1
56,59,960,2,27,90,-1,-1,-1
56,61,542,634,129,83,-1,-1,-1
56,63,193,530,73,163,-1,-1,-1
56,67,1248,2,17,148,-1,-1,-1
57,3,220,1,27,69,-1,-1,-1
57,6,360,179,71,159,-1,-1,-1
57,10,240,198,68,141,-1,-1,-1
57,14,543,161,76,166,-1,-1,-1
57,17,790,168,67,132,-1,-1,-1
57,20,490,186,70,148,-1,-1,-1
57,21,891,168,79,129,-1,-1,-1
57,25,705,174,73,135,-1,-1,-1
57,26,135,205,78,151,-1,-1,-1
57,30,137,549,56,101,-1,-1,-1
57,31,79,550,73,135,-1,-1,-1
57,45,386,579,61,92,-1,-1,-1
57,47,453,567,119,152,-1,-1,-1
57,58,900,0,34,84,-1,-1,-1
57,59,945,2,27,86,-1,-1,-1
57,61,526,630,131,87,-1,-1,-1
57,63,178,523,73,168,-1,-1,-1
57,67,1241,0,19,150,-1,-1,-1
58,3,205,1,26,63,-1,-1,-1
58,6,367,179,71,159,-1,-1,-1
58,10,247,197,68,142,-1,-1,-1
58,14,545,160,73,160,-1,-1,-1
58,17,792,168,68,138,-1,-1,-1
58,20,489,184,71,149,-1,-1,-1
58,21,895,167,80,132,-1,-1,-1
58,25,707,173,75,141,-1,-1,-1
58,26,142,207,79,155,-1,-1,-1
58,30,122,544,55,101,-1,-1,-1
58,31,62,547,72,133,-1,-1,-1
58,45,371,576,62,93,-1,-1,-1
58,47,438,562,118,157,-1,-1,-1
58,58,885,1,33,78,-1,-1,-1
58,59,929,1,27,82,-1,-1,-1
58,61,509,626,133,91,-1,-1,-1
58,63,161,515,76,179,-1,-1,-1
58,67,1227,0,21,147,-1,-1,-1
59,3,191,1,25,60,-1,-1,-1
59,6,362,179,73,162,-1,-1,-1
59,10,256,200,65,139,-1,-1,-1
59,14,551,160,68,150,-1,-1,-1
59,17,792,166,69,140,-1,-1,-1
59,20,490,183,68,139,-1,-1,-1
59,21,898,166,78,131,-1,-1,-1
59,25,702,173,78,142,-1,-1,-1
59,26,141,208,78,156,-1,-1,-1
59,30,107,543,54,99,-1,-1,-1
59,31,49,544,71,132,-1,-1,-1
59,47,422,559,115,160,-1,-1,-1
59,58,870,1,32,75,-1,-1,-1
59,59,912,1,27,79,-1,-1,-1
59,61,493,623,133,94,-1,-1,-1
59,63,145,510,75,182,-1,-1,-1
59,67,1221,-1,20,143,-1,-1,-1
60,3,175,1,25,57,-1,-1,-1
60,6,364,178,70,152,-1,-1,-1
60,10,256,203,65,140,-1,-1,-1
60,14,554,159,71,159,-1,-1,-1
60,17,790,166,69,138,-1,-1,-1
60,20,500,184,71,146,-1,-1,-1
60,21,899,166,75,124,-1,-1,-1
60,25,703,175,78,139,-1,-1,-1
60,26,146,209,76,154,-1,-1,-1
60,30,90,539,53,100,-1,-1,-1
60,31,32,540,72,136,-1,-1,-1
60,47,406,556,112,163,-1,-1,-1
60,58,853,0,31,70,-1,-1,-1
60,59,896,1,27,75,-1,-1,-1
60,61,469,619,137,98,-1,-1,-1
60,63,128,503,76,187,-1,-1,-1
60,72,177,557,94,154,-1,-1,-1
61,3,158,1,24,54,-1,-1,-1
61,6,371,180,71,156,-1,-1,-1
61,10,258,205,66,145,-1,-1,-1
61,14,556,159,73,167,-1,-1,-1
61,17,797,168,67,136,-1,-1,-1
61,20,508,188,70,148,-1,-1,-1
61,21,902,167,76,125,-1,-1,-1
61,25,712,178,78,141,-1,-1,-1
61,26,154,211,72,147,-1,-1,-1
61,30,74,535,53,101,-1,-1,-1
61,31,17,538,72,136,-1,-1,-1
61,47,391,553,108,164,-1,-1,-1
61,58,836,0,31,67,-1,-1,-1
61,59,879,0,27,74,-1,-1,-1
61,61,453,616,138,102,-1,-1,-1
61,63,112,499,75,189,-1,-1,-1
61,72,158,557,94,154,-1,-1,-1
61,74,1159,2,66,137,-1,-1,-1
62,3,142,1,23,50,-1,-1,-1
62,6,372,184,70,155,-1,-1,-1
62,10,263,207,61,136,-1,-1,-1
62,14,561,160,72,168,-1,-1,-1
62,17,803,173,67,139,-1,-1,-1
62,20,502,188,75,157,-1,-1,-1
62,21,912,171,79,131,-1,-1,-1
62,25,712,178,81,150,-1,-1,-1
62,26,155,214,72,148,-1,-1,-1
62,30,58,532,52,101,-1,-1,-1
62,31,1,536,70,134,-1,-1,-1
62,47,376,553,103,164,-1,-1,-1
62,58,819,0,32,65,-1,-1,-1
62,59,862,0,27,71,-1,-1,-1
62,61,437,613,139,105,-1,-1,-1
62,63,98,494,66,167,-1,-1,-1
62,72,141,553,95,156,-1,-1,-1
62,74,1139,2,65,134,-1,-1,-1
63,3,123,1,21,46,-1,-1,-1
63,6,373,185,73,165,-1,-1,-1
63,10,255,207,65,142,-1,-1,-1
63,14,564,159,72,170,-1,-1,-1
63,17,804,173,68,141,-1,-1,-1
63,20,498,189,76,157,-1,-1,-1
63,21,916,172,80,135,-1,-1,-1
63,25,714,177,80,151,-1,-1,-1
63,26,148,214,78,162,-1,-1,-1
63,30,42,534,49,95,-1,-1,-1
63,31,-9,532,68,132,-1,-1,-1
63,47,360,551,101,167,-1,-1,-1
63,58,802,0,31,62,-1,-1,-1
63,59,845,0,27,68,-1,-1,-1
63,61,423,609,139,108,-1,-1,-1
63,63,75,487,72,184,-1,-1,-1
63,67,1160,2,19,128,-1,-1,-1
63,72,123,549,95,157,-1,-1,-1
63,74,1119,2,62,128,-1,-1,-1
64,3,104,1,20,41,-1,-1,-1
64,6,370,185,72,166,-1,-1,-1
64,10,256,208,67,145,-1,-1,-1
64,14,562,158,74,175,-1,-1,-1
64,17,800,171,71,143,-1,-1,-1
64,20,501,189,73,145,-1,-1,-1
64,21,914,172,80,134,-1,-1,-1
64,25,710,176,78,147,-1,-1,-1
64,26,148,214,79,167,-1,-1,-1
64,30,23,529,47,92,-1,-1,-1
64,31,-25,528,69,134,-1,-1,-1
64,47,343,548,103,171,-1,-1,-1
64,58,785,0,31,58,-1,-1,-1
64,59,825,1,26,63,-1,-1,-1
64,61,401,606,139,112,-1,-1,-1
64,63,58,480,64,164,-1,-1,-1
64,67,1150,2,19,124,-1,-1,-1
64,72,102,544,93,154,-1,-1,-1
64,74,1101,3,61,125,-1,-1,-1
65,3,86,1,19,37,-1,-1,-1
65,6,366,184,72,163,-1,-1,-1
65,10,262,210,69,150,-1,-1,-1
65,14,565,158,72,169,-1,-1,-1
65,17,801,171,70,136,-1,-1,-1
65,20,506,189,76,152,-1,-1,-1
65,21,915,172,78,130,-1,-1,-1
65,25,711,176,74,138,-1,-1,-1
65,26,145,213,77,165,-1,-1,-1
65,30,3,521,49,97,-1,-1,-1
65,58,769,0,29,55,-1,-1,-1
65,59,807,1,24,57,-1,-1,-1
65,61,381,601,142,117,-1,-1,-1
65,63,37,473,65,165,-1,-1,-1
65,72,85,539,95,156,-1,-1,-1
65,74,1082,1,60,121,-1,-1,-1
66,3,68,1,18,33,-1,-1,-1
66,6,367,185,71,156,-1,-1,-1
66,10,263,211,70,154,-1,-1,-1
66,14,567,158,74,175,-1,-1,-1
66,17,804,171,74,144,-1,-1,-1
66,20,511,189,78,162,-1,-1,-1
66,21,918,173,78,127,-1,-1,-1
66,25,720,178,75,142,-1,-1,-1
66,26,142,213,74,156,-1,-1,-1
66,30,-9,518,47,95,-1,-1,-1
66,45,227,542,49,75,-1,-1,-1
66,59,792,1,23,52,-1,-1,-1
66,61,367,597,142,121,-1,-1,-1
66,63,18,468,61,155,-1,-1,-1
66,72,65,534,94,155,-1,-1,-1
66,74,1067,0,59,118,-1,-1,-1
67,3,49,0,17,30,-1,-1,-1
67,6,378,186,74,162,-1,-1,-1
67,10,259,211,69,149,-1,-1,-1
67,14,569,159,76,181,-1,-1,-1
67,17,810,171,74,145,-1,-1,-1
67,20,519,188,76,160,-1,-1,-1
67,21,922,173,84,139,-1,-1,-1
67,25,721,178,78,153,-1,-1,-1
67,26,148,214,69,143,-1,-1,-1
67,30,-26,514,46,95,-1,-1,-1
67,45,210,538,48,74,-1,-1,-1
67,59,775,1,21,48,-1,-1,-1
67,61,349,594,140,125,-1,-1,-1
67,63,0,463,62,156,-1,-1,-1
67,67,1091,0,19,112,-1,-1,-1
67,72,47,532,94,155,-1,-1,-1
67,74,1044,0,55,109,-1,-1,-1
68,3,30,0,14,23,-1,-1,-1
68,6,378,185,77,172,-1,-1,-1
68,10,265,212,67,145,-1,-1,-1
68,14,570,158,70,169,-1,-1,-1
68,17,811,170,72,146,-1,-1,-1
68,20,514,187,78,164,-1,-1,-1
68,21,924,171,84,143,-1,-1,-1
68,25,714,177,81,155,-1,-1,-1
68,26,150,215,75,160,-1,-1,-1
68,45,193,534,48,73,-1,-1,-1
68,57,179,531,64,99,-1,-1,-1
68,61,331,590,145,128,-1,-1,-1
68,63,-13,459,60,157,-1,-1,-1
68,67,1071,0,20,102,-1,-1,-1
68,72,25,526,95,157,-1,-1,-1
68,74,1028,0,53,105,-1,-1,-1
69,3,12,0,11,18,-1,-1,-1
69,6,379,184,77,177,-1,-1,-1
69,10,266,212,68,150,-1,-1,-1
69,14,576,160,58,142,-1,-1,-1
69,17,807,170,72,147,-1,-1,-1
69,20,511,187,77,159,-1,-1,-1
69,21,924,169,82,144,-1,-1,-1
69,25,709,177,82,153,-1,-1,-1
69,26,148,215,78,171,-1,-1,-1
69,57,164,529,57,90,-1,-1,-1
69,63,-29,453,60,157,-1,-1,-1
69,67,1045,0,22,102,-1,-1,-1
69,72,2,522,95,157,-1,-1,-1
69,81,262,520,62,58,-1,-1,-1
70,6,368,182,79,176,-1,-1,-1
70,10,268,214,67,148,-1,-1,-1
70,14,572,160,64,157,-1,-1,-1
70,17,802,170,70,140,-1,-1,-1
70,20,519,188,77,162,-1,-1,-1
70,21,919,168,80,139,-1,-1,-1
70,25,711,179,78,141,-1,-1,-1
70,26,140,217,78,168,-1,-1,-1
70,57,144,525,56,90,-1,-1,-1
70,67,1025,0,23,95,-1,-1,-1
70,72,-12,517,92,155,-1,-1,-1
70,74,978,0,48,95,-1,-1,-1
70,81,250,517,65,61,-1,-1,-1
71,6,370,182,75,167,-1,-1,-1
71,10,268,215,66,148,-1,-1,-1
71,14,567,160,69,169,-1,-1,-1
71,17,807,172,73,149,-1,-1,-1
71,20,524,190,67,141,-1,-1,-1
71,21,923,168,79,137,-1,-1,-1
71,25,711,182,79,143,-1,-1,-1
71,26,138,219,77,161,-1,-1,-1
71,47,191,513,105,187,-1,-1,-1
71,57,121,522,55,89,-1,-1,-1
71,67,1003,0,24,96,-1,-1,-1
71,72,-30,513,92,156,-1,-1,-1
71,74,955,0,46,93,-1,-1,-1
72,6,366,182,78,171,-1,-1,-1
72,10,264,214,63,143,-1,-1,-1
72,14,565,160,74,183,-1,-1,-1
72,17,809,174,72,150,-1,-1,-1
72,20,513,190,76,162,-1,-1,-1
72,21,927,170,81,144,-1,-1,-1
72,25,709,184,85,159,-1,-1,-1
72,26,134,220,80,161,-1,-1,-1
72,47,173,507,100,188,-1,-1,-1
72,57,98,517,57,93,-1,-1,-1
72,67,979,1,25,93,-1,-1,-1
72,74,933,0,44,87,-1,-1,-1
73,6,368,183,78,176,-1,-1,-1
73,10,253,215,66,145,-1,-1,-1
73,14,564,161,75,189,-1,-1,-1
73,17,804,173,73,150,-1,-1,-1
73,20,504,190,77,164,-1,-1,-1
73,21,928,170,82,148,-1,-1,-1
73,25,709,181,85,162,-1,-1,-1
73,26,132,221,81,164,-1,-1,-1
73,47,148,500,101,203,-1,-1,-1
73,57,74,513,55,91,-1,-1,-1
73,67,955,1,26,87,-1,-1,-1
73,74,913,0,42,83,-1,-1,-1
74,6,367,184,81,186,-1,-1,-1
74,10,259,216,69,153,-1,-1,-1
74,14,565,163,75,190,-1,-1,-1
74,17,800,173,75,149,-1,-1,-1
74,20,505,193,68,141,-1,-1,-1
74,21,923,171,81,146,-1,-1,-1
74,25,707,180,81,155,-1,-1,-1
74,26,130,224,84,175,-1,-1,-1
74,47,126,497,99,210,-1,-1,-1
74,57,49,509,56,93,-1,-1,-1
74,67,930,1,26,81,-1,-1,-1
75,6,366,186,79,187,-1,-1,-1
75,10,257,217,70,156,-1,-1,-1
75,14,563,162,76,194,-1,-1,-1
75,17,799,175,74,145,-1,-1,-1
75,20,507,196,76,159,-1,-1,-1
75,21,921,172,81,144,-1,-1,-1
75,25,700,179,82,155,-1,-1,-1
75,26,131,224,84,179,-1,-1,-1
75,47,103,495,95,211,-1,-1,-1
75,57,24,504,56,94,-1,-1,-1
75,67,910,1,25,77,-1,-1,-1
76,6,361,186,77,184,-1,-1,-1
76,10,256,218,71,161,-1,-1,-1
76,14,565,164,73,182,-1,-1,-1
76,17,801,176,75,145,-1,-1,-1
76,20,510,196,79,169,-1,-1,-1
76,21,923,174,79,137,-1,-1,-1
76,25,706,183,81,157,-1,-1,-1
76,26,123,225,83,176,-1,-1,-1
76,47,82,491,90,210,-1,-1,-1
76,57,3,501,54,92,-1,-1,-1
77,6,356,186,76,177,-1,-1,-1
77,10,251,219,70,161,-1,-1,-1
77,14,567,164,72,180,-1,-1,-1
77,17,802,177,74,148,-1,-1,-1
77,20,514,198,73,161,-1,-1,-1
77,21,924,177,84,149,-1,-1,-1
77,25,709,185,79,154,-1,-1,-1
77,26,119,226,81,167,-1,-1,-1
77,47,59,486,88,212,-1,-1,-1
77,57,-12,498,52,93,-1,-1,-1
77,84,129,552,104,164,-1,-1,-1
78,6,362,186,79,181,-1,-1,-1
78,10,247,219,70,161,-1,-1,-1
78,14,564,166,74,187,-1,-1,-1
78,17,797,175,75,152,-1,-1,-1
78,20,512,198,75,159,-1,-1,-1
78,21,923,176,82,152,-1,-1,-1
78,25,709,191,78,156,-1,-1,-1
78,26,116,227,85,175,-1,-1,-1
78,47,34,482,85,212,-1,-1,-1
78,57,-33,494,52,93,-1,-1,-1
78,84,98,545,106,168,-1,-1,-1
79,6,361,188,79,185,-1,-1,-1
79,10,243,220,72,164,-1,-1,-1
79,14,558,168,76,195,-1,-1,-1
79,17,791,176,72,146,-1,-1,-1
79,20,505,199,76,155,-1,-1,-1
79,21,917,173,82,154,-1,-1,-1
79,25,704,185,75,147,-1,-1,-1
79,26,115,227,85,181,-1,-1,-1
79,47,8,477,83,213,-1,-1,-1
79,84,68,541,107,169,-1,-1,-1
80,6,351,189,80,190,-1,-1,-1
80,10,242,222,70,160,-1,-1,-1
80,14,554,168,74,194,-1,-1,-1
80,17,793,177,72,149,-1,-1,-1
80,20,506,199,80,165,-1,-1,-1
80,21,909,172,80,147,-1,-1,-1
80,25,692,184,80,151,-1,-1,-1
80,26,115,244,76,167,-1,-1,-1
80,47,-14,472,80,214,-1,-1,-1
80,84,46,537,105,168,-1,-1,-1
81,6,339,188,82,192,-1,-1,-1
81,10,244,223,63,147,-1,-1,-1
81,14,557,167,66,173,-1,-1,-1
81,17,796,178,64,131,-1,-1,-1
81,20,505,200,77,162,-1,-1,-1
81,21,908,172,81,149,-1,-1,-1
81,25,690,183,85,161,-1,-1,-1
81,26,110,236,78,174,-1,-1,-1
81,47,-37,468,81,217,-1,-1,-1
81,84,21,531,105,169,-1,-1,-1
82,6,332,188,82,188,-1,-1,-1
82,10,235,221,64,149,-1,-1,-1
82,14,554,166,67,174,-1,-1,-1
82,17,798,176,62,128,-1,-1,-1
82,20,500,198,82,177,-1,-1,-1
82,21,914,174,82,154,-1,-1,-1
82,25,689,183,89,172,-1,-1,-1
82,26,99,233,79,171,-1,-1,-1
82,84,-2,527,103,168,-1,-1,-1
83,6,335,186,82,184,-1,-1,-1
83,10,228,220,70,159,-1,-1,-1
83,14,554,165,72,185,-1,-1,-1
83,17,794,173,68,140,-1,-1,-1
83,20,492,199,82,176,-1,-1,-1
83,21,918,173,82,156,-1,-1,-1
83,25,687,181,89,180,-1,-1,-1
83,26,98,232,79,167,-1,-1,-1
83,84,-18,520,100,167,-1,-1,-1
84,6,337,186,84,191,-1,-1,-1
84,10,233,220,73,166,-1,-1,-1
84,14,553,165,75,195,-1,-1,-1
84,17,787,171,74,149,-1,-1,-1
84,20,487,199,80,169,-1,-1,-1
84,21,918,172,80,156,-1,-1,-1
84,25,689,181,83,167,-1,-1,-1
84,26,95,233,83,175,-1,-1,-1
84,84,-30,513,94,164,-1,-1,-1
85,6,339,187,87,201,-1,-1,-1
85,10,232,220,74,173,-1,-1,-1
85,14,554,167,74,196,-1,-1,-1
85,17,790,171,69,138,-1,-1,-1
85,20,493,199,74,159,-1,-1,-1
85,21,915,176,77,147,-1,-1,-1
85,25,678,178,85,170,-1,-1,-1
85,26,95,231,86,184,-1,-1,-1
85,84,-51,508,94,165,-1,-1,-1
86,6,342,187,83,198,-1,-1,-1
86,10,232,218,69,165,-1,-1,-1
86,14,558,165,66,173,-1,-1,-1
86,17,794,176,65,132,-1,-1,-1
86,20,499,199,72,157,-1,-1,-1
86,21,923,171,76,147,-1,-1,-1
86,25,683,178,84,170,-1,-1,-1
86,26,89,230,85,184,-1,-1,-1
87,6,335,187,81,193,-1,-1,-1
87,10,227,218,69,166,-1,-1,-1
87,14,559,165,67,175,-1,-1,-1
87,17,794,176,67,140,-1,-1,-1
87,20,504,197,70,156,-1,-1,-1
87,21,920,171,82,159,-1,-1,-1
87,25,687,177,87,179,-1,-1,-1
87,26,81,230,81,173,-1,-1,-1
88,6,330,186,80,188,-1,-1,-1
88,10,220,218,72,169,-1,-1,-1
88,14,560,164,69,181,-1,-1,-1
88,17,787,172,71,150,-1,-1,-1
88,20,497,196,77,170,-1,-1,-1
88,21,918,167,84,166,-1,-1,-1
88,25,687,174,85,177,-1,-1,-1
88,26,77,229,85,177,-1,-1,-1
89,6,335,185,83,192,-1,-1,-1
89,10,222,216,74,174,-1,-1,-1
89,14,558,164,71,189,-1,-1,-1
89,17,783,167,69,143,-1,-1,-1
89,20,495,195,79,168,-1,-1,-1
89,21,913,163,83,165,-1,-1,-1
89,25,686,168,85,179,-1,-1,-1
89,26,82,228,87,185,-1,-1,-1
90,6,341,185,85,199,-1,-1,-1
90,10,227,217,64,151,-1,-1,-1
90,14,555,167,74,198,-1,-1,-1
90,17,788,170,73,153,-1,-1,-1
90,20,507,195,85,177,-1,-1,-1
90,21,907,161,80,156,-1,-1,-1
90,25,681,170,86,178,-1,-1,-1
90,26,83,227,88,195,-1,-1,-1
91,6,339,186,80,191,-1,-1,-1
91,10,229,217,62,147,-1,-1,-1
91,14,554,166,74,202,-1,-1,-1
91,17,791,168,72,153,-1,-1,-1
91,20,506,198,84,178,-1,-1,-1
91,21,916,162,81,159,-1,-1,-1
91,25,683,170,86,176,-1,-1,-1
91,26,84,227,87,195,-1,-1,-1
92,6,334,188,82,197,-1,-1,-1
92,10,217,217,70,163,-1,-1,-1
92,14,558,164,68,183,-1,-1,-1
92,17,795,165,78,168,-1,-1,-1
92,20,501,198,85,184,-1,-1,-1
92,21,924,164,82,162,-1,-1,-1
92,25,685,172,88,183,-1,-1,-1
92,26,77,230,85,188,-1,-1,-1
93,6,335,190,83,195,-1,-1,-1
93,10,216,218,76,172,-1,-1,-1
93,14,565,166,68,182,-1,-1,-1
93,17,792,165,82,170,-1,-1,-1
93,20,497,198,86,183,-1,-1,-1
93,21,931,164,83,167,-1,-1,-1
93,25,689,173,90,192,-1,-1,-1
93,26,80,232,85,181,-1,-1,-1
94,6,337,190,80,182,-1,-1,-1
94,10,225,219,79,182,-1,-1,-1
94,14,567,167,74,192,-1,-1,-1
94,17,793,166,82,165,-1,-1,-1
94,20,500,198,83,174,-1,-1,-1
94,21,928,164,82,164,-1,-1,-1
94,25,690,175,88,190,-1,-1,-1
94,26,83,237,85,180,-1,-1,-1
95,6,335,193,85,194,-1,-1,-1
95,10,230,222,66,150,-1,-1,-1
95,14,568,167,76,199,-1,-1,-1
95,17,797,167,84,169,-1,-1,-1
95,20,506,202,80,168,-1,-1,-1
95,21,930,164,83,162,-1,-1,-1
95,25,687,175,84,179,-1,-1,-1
95,26,85,239,91,194,-1,-1,-1
96,6,339,195,86,198,-1,-1,-1
96,10,217,223,76,173,-1,-1,-1
96,14,569,168,78,208,-1,-1,-1
96,17,797,167,84,176,-1,-1,-1
96,20,508,204,86,186,-1,-1,-1
96,21,931,168,83,157,-1,-1,-1
96,25,689,177,84,176,-1,-1,-1
96,26,90,241,90,197,-1,-1,-1
97,6,341,192,89,213,-1,-1,-1
97,10,212,224,78,174,-1,-1,-1
97,14,571,169,77,207,-1,-1,-1
97,17,802,167,79,170,-1,-1,-1
97,20,518,206,79,176,-1,-1,-1
97,21,934,164,93,175,-1,-1,-1
97,25,697,177,85,181,-1,-1,-1
97,26,85,242,87,190,-1,-1,-1
98,6,340,193,88,217,-1,-1,-1
98,10,213,224,83,185,-1,-1,-1
98,14,578,169,71,188,-1,-1,-1
98,17,799,167,80,170,-1,-1,-1
98,20,513,206,83,183,-1,-1,-1
98,21,941,165,89,171,-1,-1,-1
98,25,700,177,89,193,-1,-1,-1
98,26,80,241,88,185,-1,-1,-1
99,6,337,196,84,200,-1,-1,-1
99,10,221,225,79,174,-1,-1,-1
99,14,583,169,72,192,-1,-1,-1
99,17,808,169,74,158,-1,-1,-1
99,20,508,201,84,179,-1,-1,-1
99,21,938,158,91,177,-1,-1,-1
99,25,701,178,89,195,-1,-1,-1
99,26,84,240,90,191,-1,-1,-1
100,6,333,196,83,193,-1,-1,-1
100,10,228,226,68,152,-1,-1,-1
100,14,582,169,75,201,-1,-1,-1
100,17,808,165,80,172,-1,-1,-1
100,20,522,202,85,182,-1,-1,-1
100,21,931,156,88,170,-1,-1,-1
100,25,693,176,88,192,-1,-1,-1
100,26,89,241,93,201,-1,-1,-1
101,6,344,195,87,201,-1,-1,-1
101,10,224,226,71,160,-1,-1,-1
101,14,581,169,77,209,-1,-1,-1
101,17,812,168,74,163,-1,-1,-1
101,20,525,202,80,174,-1,-1,-1
101,21,934,157,88,169,-1,-1,-1
101,25,695,176,78,162,-1,-1,-1
101,26,88,241,92,207,-1,-1,-1
102,6,341,195,90,212,-1,-1,-1
102,10,207,226,79,176,-1,-1,-1
102,14,575,168,77,215,-1,-1,-1
102,17,814,168,73,159,-1,-1,-1
102,20,521,201,85,191,-1,-1,-1
102,21,936,157,88,172,-1,-1,-1
102,25,691,175,88,181,-1,-1,-1
102,26,81,241,92,207,-1,-1,-1
103,6,337,195,89,216,-1,-1,-1
103,10,212,225,83,186,-1,-1,-1
103,14,583,166,62,167,-1,-1,-1
103,17,803,162,78,165,-1,-1,-1
103,20,511,200,85,192,-1,-1,-1
103,21,942,154,90,178,-1,-1,-1
103,25,693,175,93,198,-1,-1,-1
103,26,78,243,86,188,-1,-1,-1
104,6,331,194,89,213,-1,-1,-1
104,10,208,225,82,189,-1,-1,-1
104,14,582,164,69,183,-1,-1,-1
104,17,803,160,82,169,-1,-1,-1
104,20,506,198,83,185,-1,-1,-1
104,21,937,151,92,181,-1,-1,-1
104,25,700,174,83,178,-1,-1,-1
104,26,78,243,87,186,-1,-1,-1
105,6,327,192,89,209,-1,-1,-1
105,10,207,225,82,194,-1,-1,-1
105,14,580,163,77,201,-1,-1,-1
105,17,806,159,83,175,-1,-1,-1
105,20,511,199,80,176,-1,-1,-1
105,21,938,150,92,177,-1,-1,-1
105,25,698,171,81,176,-1,-1,-1
105,26,78,243,93,199,-1,-1,-1
106,6,331,192,90,207,-1,-1,-1
106,10,205,224,82,194,-1,-1,-1
106,14,585,163,81,212,-1,-1,-1
106,17,815,160,77,168,-1,-1,-1
106,20,518,201,85,191,-1,-1,-1
106,21,942,149,93,176,-1,-1,-1
106,25,699,170,84,177,-1,-1,-1
106,26,84,245,96,209,-1,-1,-1
107,6,338,194,91,211,-1,-1,-1
107,10,208,225,83,195,-1,-1,-1
107,14,585,163,84,224,-1,-1,-1
107,17,814,160,79,172,-1,-1,-1
107,20,529,204,85,195,-1,-1,-1
107,21,950,151,96,181,-1,-1,-1
107,25,711,170,85,181,-1,-1,-1
107,26,94,247,89,197,-1,-1,-1
108,6,343,197,95,224,-1,-1,-1
108,10,209,229,86,198,-1,-1,-1
108,14,591,166,82,220,-1,-1,-1
108,17,817,162,74,157,-1,-1,-1
108,20,532,207,85,195,-1,-1,-1
108,21,956,150,97,187,-1,-1,-1
108,25,715,172,91,199,-1,-1,-1
108,26,87,249,91,197,-1,-1,-1
109,6,345,200,93,224,-1,-1,-1
109,10,214,231,86,201,-1,-1,-1
109,14,593,168,79,212,-1,-1,-1
109,17,823,164,81,172,-1,-1,-1
109,20,528,208,84,184,-1,-1,-1
109,21,958,150,94,185,-1,-1,-1
109,25,715,174,93,206,-1,-1,-1
109,26,86,253,93,194,-1,-1,-1
110,6,337,202,92,220,-1,-1,-1
110,10,223,236,76,182,-1,-1,-1
110,14,599,171,79,214,-1,-1,-1
110,17,825,165,82,180,-1,-1,-1
110,20,534,208,89,188,-1,-1,-1
110,21,950,151,92,179,-1,-1,-1
110,25,709,174,96,207,-1,-1,-1
110,26,97,254,96,202,-1,-1,-1
111,6,335,203,90,208,-1,-1,-1
111,10,220,238,75,180,-1,-1,-1
111,14,602,173,79,213,-1,-1,-1
111,17,827,167,84,185,-1,-1,-1
111,20,543,211,92,194,-1,-1,-1
111,21,953,150,94,183,-1,-1,-1
111,25,709,177,92,192,-1,-1,-1
111,26,101,255,98,213,-1,-1,-1
112,6,348,205,92,211,-1,-1,-1
112,10,215,238,81,188,-1,-1,-1
112,14,600,175,81,222,-1,-1,-1
112,17,821,167,86,185,-1,-1,-1
112,20,541,213,85,183,-1,-1,-1
112,21,959,153,94,184,-1,-1,-1
112,25,713,179,92,191,-1,-1,-1
112,26,99,258,96,213,-1,-1,-1
113,6,347,206,93,217,-1,-1,-1
113,10,220,239,83,195,-1,-1,-1
113,14,596,175,77,215,-1,-1,-1
113,17,814,167,86,180,-1,-1,-1
113,20,544,215,90,191,-1,-1,-1
113,21,959,154,95,191,-1,-1,-1
113,25,716,180,95,204,-1,-1,-1
113,26,89,259,95,209,-1,-1,-1
113,92,176,668,94,49,-1,-1,-1
114,6,340,207,94,222,-1,-1,-1
114,10,215,240,85,204,-1,-1,-1
114,14,591,176,77,214,-1,-1,-1
114,17,813,167,87,182,-1,-1,-1
114,20,526,214,90,187,-1,-1,-1
114,21,947,153,94,189,-1,-1,-1
114,25,710,178,98,216,-1,-1,-1
114,26,86,262,92,197,-1,-1,-1
114,92,140,661,107,56,-1,-1,-1
115,6,331,208,96,223,-1,-1,-1
115,10,215,240,83,205,-1,-1,-1
115,14,598,175,69,187,-1,-1,-1
115,17,810,166,90,194,-1,-1,-1
115,20,525,213,91,189,-1,-1,-1
115,21,942,152,93,184,-1,-1,-1
115,25,711,178,95,210,-1,-1,-1
115,26,86,261,95,201,-1,-1,-1
115,92,97,652,123,65,-1,-1,-1
116,6,328,206,97,219,-1,-1,-1
116,10,209,239,81,198,-1,-1,-1
116,14,601,173,77,204,-1,-1,-1
116,17,814,165,82,182,-1,-1,-1
116,20,526,213,93,197,-1,-1,-1
116,21,945,150,90,177,-1,-1,-1
116,25,712,178,85,184,-1,-1,-1
116,26,90,260,91,194,-1,-1,-1
116,92,53,642,140,76,-1,-1,-1
117,6,326,203,97,215,-1,-1,-1
117,10,207,237,82,196,-1,-1,-1
117,14,596,170,84,216,-1,-1,-1
117,17,811,162,80,178,-1,-1,-1
117,20,529,211,88,191,-1,-1,-1
117,21,945,148,99,192,-1,-1,-1
117,25,712,174,87,183,-1,-1,-1
117,26,91,261,96,207,-1,-1,-1
117,92,7,630,158,88,-1,-1,-1
118,6,328,201,99,220,-1,-1,-1
118,10,208,238,81,194,-1,-1,-1
118,14,590,168,86,227,-1,-1,-1
118,17,809,160,82,180,-1,-1,-1
118,20,533,209,79,174,-1,-1,-1
118,21,947,145,98,192,-1,-1,-1
118,25,713,172,91,194,-1,-1,-1
118,26,88,259,95,206,-1,-1,-1
118,92,-35,620,170,98,-1,-1,-1
119,6,329,201,101,229,-1,-1,-1
119,10,213,237,68,162,-1,-1,-1
119,14,585,167,86,230,-1,-1,-1
119,17,810,158,84,184,-1,-1,-1
119,20,527,205,78,170,-1,-1,-1
119,21,940,142,95,189,-1,-1,-1
119,25,710,170,85,184,-1,-1,-1
119,26,86,257,89,188,-1,-1,-1
119,92,-68,613,182,105,-1,-1,-1
120,6,332,201,97,229,-1,-1,-1
120,10,213,234,70,166,-1,-1,-1
120,14,583,165,84,227,-1,-1,-1
120,17,806,159,83,188,-1,-1,-1
120,20,529,203,84,180,-1,-1,-1
120,21,931,139,91,177,-1,-1,-1
120,25,701,169,91,199,-1,-1,-1
120,26,89,255,96,198,-1,-1,-1
121,6,329,198,93,221,-1,-1,-1
121,10,208,232,74,174,-1,-1,-1
121,14,591,164,79,213,-1,-1,-1
121,17,812,154,76,171,-1,-1,-1
121,20,535,199,90,195,-1,-1,-1
121,21,934,134,94,183,-1,-1,-1
121,25,698,169,86,184,-1,-1,-1
121,26,95,252,100,211,-1,-1,-1
122,6,328,196,88,201,-1,-1,-1
122,10,214,230,80,186,-1,-1,-1
122,14,596,161,78,212,-1,-1,-1
122,17,807,149,73,159,-1,-1,-1
122,20,531,197,91,202,-1,-1,-1
122,21,936,132,95,187,-1,-1,-1
122,25,699,167,85,176,-1,-1,-1
122,26,97,249,98,216,-1,-1,-1
123,6,339,191,95,213,-1,-1,-1
123,10,215,226,83,198,-1,-1,-1
123,14,596,160,80,219,-1,-1,-1
123,17,799,146,82,175,-1,-1,-1
123,20,524,196,88,190,-1,-1,-1
123,21,936,130,94,190,-1,-1,-1
123,25,701,164,91,187,-1,-1,-1
123,26,98,246,96,216,-1,-1,-1
124,6,352,191,97,218,-1,-1,-1
124,10,217,225,81,197,-1,-1,-1
124,14,593,160,81,225,-1,-1,-1
124,17,803,144,76,162,-1,-1,-1
124,20,530,194,93,190,-1,-1,-1
124,21,929,130,95,191,-1,-1,-1
124,25,703,162,99,208,-1,-1,-1
124,26,99,246,90,196,-1,-1,-1
125,6,353,191,95,222,-1,-1,-1
125,10,219,225,81,198,-1,-1,-1
125,14,598,159,79,223,-1,-1,-1
125,17,802,144,77,169,-1,-1,-1
125,20,528,194,89,182,-1,-1,-1
125,21,926,130,91,183,-1,-1,-1
125,25,711,161,95,206,-1,-1,-1
125,26,102,248,91,193,-1,-1,-1
126,6,355,193,93,220,-1,-1,-1
126,10,223,226,80,194,-1,-1,-1
126,14,612,158,71,194,-1,-1,-1
126,17,810,145,67,149,-1,-1,-1
126,20,534,195,87,180,-1,-1,-1
126,21,926,129,92,180,-1,-1,-1
126,25,719,160,87,183,-1,-1,-1
126,26,110,249,97,201,-1,-1,-1
127,6,348,193,93,215,-1,-1,-1
127,10,227,226,82,198,-1,-1,-1
127,14,618,158,75,201,-1,-1,-1
127,17,812,146,65,142,-1,-1,-1
127,20,541,196,84,179,-1,-1,-1
127,21,928,130,96,188,-1,-1,-1
127,25,719,160,86,175,-1,-1,-1
127,26,116,250,99,211,-1,-1,-1
128,6,352,194,90,202,-1,-1,-1
128,10,238,227,82,200,-1,-1,-1
128,14,618,157,83,215,-1,-1,-1
128,17,814,145,78,169,-1,-1,-1
128,20,555,198,75,162,-1,-1,-1
128,21,936,127,95,187,-1,-1,-1
128,25,728,159,92,189,-1,-1,-1
128,26,132,250,98,214,-1,-1,-1
129,6,362,194,94,208,-1,-1,-1
129,10,249,228,79,198,-1,-1,-1
129,14,618,158,87,224,-1,-1,-1
129,17,812,145,81,181,-1,-1,-1
129,20,555,197,77,166,-1,-1,-1
129,21,936,128,93,189,-1,-1,-1
129,25,731,160,94,199,-1,-1,-1
129,26,140,252,93,202,-1,-1,-1
130,6,371,198,96,215,-1,-1,-1
130,10,256,229,73,182,-1,-1,-1
130,14,624,162,86,223,-1,-1,-1
130,17,810,146,82,185,-1,-1,-1
130,20,552,199,76,158,-1,-1,-1
130,21,931,129,87,176,-1,-1,-1
130,25,726,161,95,207,-1,-1,-1
130,26,143,254,90,186,-1,-1,-1
131,6,377,202,96,221,-1,-1,-1
131,10,254,233,76,185,-1,-1,-1
131,14,627,166,81,213,-1,-1,-1
131,17,816,150,69,158,-1,-1,-1
131,20,564,201,86,180,-1,-1,-1
131,21,936,133,79,157,-1,-1,-1
131,25,734,165,83,185,-1,-1,-1
131,26,158,257,96,196,-1,-1,-1
132,6,376,207,93,218,-1,-1,-1
132,10,263,236,79,193,-1,-1,-1
132,14,627,168,79,205,-1,-1,-1
132,17,806,154,77,170,-1,-1,-1
132,20,564,206,91,195,-1,-1,-1
132,21,936,136,85,173,-1,-1,-1
132,25,732,169,80,174,-1,-1,-1
132,26,165,260,98,204,-1,-1,-1
133,6,374,210,90,205,-1,-1,-1
133,10,270,241,66,163,-1,-1,-1
133,14,630,174,81,206,-1,-1,-1
133,17,807,158,68,155,-1,-1,-1
133,20,559,209,91,197,-1,-1,-1
133,21,935,141,88,186,-1,-1,-1
133,25,738,176,72,158,-1,-1,-1
133,26,167,263,96,208,-1,-1,-1
134,6,375,212,92,201,-1,-1,-1
134,10,268,247,74,186,-1,-1,-1
134,14,637,179,81,212,-1,-1,-1
134,17,808,162,68,160,-1,-1,-1
134,20,556,214,88,189,-1,-1,-1
134,21,935,145,87,187,-1,-1,-1
134,25,739,181,79,181,-1,-1,-1
134,26,163,269,92,198,-1,-1,-1
135,6,394,216,95,204,-1,-1,-1
135,10,268,249,77,191,-1,-1,-1
135,14,633,184,83,220,-1,-1,-1
135,17,812,165,61,147,-1,-1,-1
135,20,554,217,89,186,-1,-1,-1
135,21,922,150,86,176,-1,-1,-1
135,25,738,183,83,194,-1,-1,-1
135,26,162,273,92,195,-1,-1,-1
136,6,401,218,97,212,-1,-1,-1
136,10,269,253,78,190,-1,-1,-1
136,14,639,187,82,220,-1,-1,-1
136,17,814,168,61,145,-1,-1,-1
136,20,565,223,76,156,-1,-1,-1
136,21,919,154,83,168,-1,-1,-1
136,25,741,186,78,181,-1,-1,-1
136,26,172,279,93,192,-1,-1,-1
137,6,400,223,91,205,-1,-1,-1
137,10,277,256,79,192,-1,-1,-1
137,14,646,189,71,187,-1,-1,-1
137,17,806,175,68,157,-1,-1,-1
137,20,568,225,78,165,-1,-1,-1
137,21,915,155,87,173,-1,-1,-1
137,25,738,188,75,164,-1,-1,-1
137,26,178,280,95,196,-1,-1,-1
138,6,391,225,91,203,-1,-1,-1
138,10,282,258,81,200,-1,-1,-1
138,14,648,191,74,188,-1,-1,-1
138,17,807,172,73,170,-1,-1,-1
138,20,573,227,83,180,-1,-1,-1
138,21,913,157,85,175,-1,-1,-1
138,25,737,188,81,171,-1,-1,-1
138,26,184,282,98,206,-1,-1,-1
139,6,392,226,87,188,-1,-1,-1
139,10,290,260,72,180,-1,-1,-1
139,14,643,192,82,199,-1,-1,-1
139,17,810,172,67,156,-1,-1,-1
139,20,571,228,78,168,-1,-1,-1
139,21,910,158,84,175,-1,-1,-1
139,25,740,192,82,176,-1,-1,-1
139,26,194,284,96,205,-1,-1,-1
140,6,391,225,92,194,-1,-1,-1
140,10,294,260,69,173,-1,-1,-1
140,14,646,193,85,206,-1,-1,-1
140,17,789,169,77,179,-1,-1,-1
140,20,571,228,74,155,-1,-1,-1
140,21,904,158,78,158,-1,-1,-1
140,25,736,192,83,183,-1,-1,-1
140,26,192,285,92,195,-1,-1,-1
141,6,396,224,96,202,-1,-1,-1
141,10,299,261,72,177,-1,-1,-1
141,14,640,193,84,210,-1,-1,-1
141,17,795,180,60,141,-1,-1,-1
141,20,577,227,84,174,-1,-1,-1
141,21,905,171,72,141,-1,-1,-1
141,25,732,192,83,188,-1,-1,-1
141,26,193,285,93,189,-1,-1,-1
142,6,396,226,98,213,-1,-1,-1
142,10,303,260,75,182,-1,-1,-1
142,14,643,192,71,178,-1,-1,-1
142,17,795,187,56,134,-1,-1,-1
142,20,577,227,77,161,-1,-1,-1
142,21,899,159,83,163,-1,-1,-1
142,25,735,188,75,170,-1,-1,-1
142,26,201,282,96,194,-1,-1,-1
143,6,397,224,94,212,-1,-1,-1
143,10,296,259,75,189,-1,-1,-1
143,14,642,188,71,178,-1,-1,-1
143,17,787,174,56,136,-1,-1,-1
143,20,569,226,85,180,-1,-1,-1
143,21,899,154,86,170,-1,-1,-1
143,25,728,187,78,174,-1,-1,-1
143,26,206,281,97,201,-1,-1,-1
144,6,405,222,80,185,-1,-1,-1
144,10,290,256,72,183,-1,-1,-1
144,14,631,186,78,190,-1,-1,-1
144,17,783,168,52,126,-1,-1,-1
144,20,555,223,86,181,-1,-1,-1
144,21,886,161,79,161,-1,-1,-1
144,25,723,187,70,155,-1,-1,-1
144,26,200,274,98,211,-1,-1,-1
144,145,154,592,93,127,-1,-1,-1
144,146,38,580,91,139,-1,-1,-1
145,6,396,218,81,181,-1,-1,-1
145,10,284,252,72,181,-1,-1,-1
145,14,628,184,83,197,-1,-1,-1
145,17,780,166,51,123,-1,-1,-1
145,20,549,220,82,170,-1,-1,-1
145,21,872,151,77,156,-1,-1,-1
145,25,717,184,73,161,-1,-1,-1
145,26,197,276,90,199,-1,-1,-1
145,145,114,578,103,139,-1,-1,-1
145,146,20,573,95,146,-1,-1,-1
146,6,401,214,87,192,-1,-1,-1
146,10,285,251,74,183,-1,-1,-1
146,14,620,181,85,204,-1,-1,-1
146,17,777,163,52,125,-1,-1,-1
146,20,550,217,87,179,-1,-1,-1
146,21,863,146,79,158,-1,-1,-1
146,25,715,182,76,173,-1,-1,-1
146,26,192,276,83,179,-1,-1,-1
146,145,72,566,111,149,-1,-1,-1
147,6,406,212,91,197,-1,-1,-1
147,10,285,251,76,184,-1,-1,-1
147,14,619,181,84,207,-1,-1,-1
147,17,763,160,65,151,-1,-1,-1
147,20,547,216,82,174,-1,-1,-1
147,21,858,144,81,158,-1,-1,-1
147,25,711,178,71,163,-1,-1,-1
147,26,193,275,88,185,-1,-1,-1
147,145,34,552,118,158,-1,-1,-1
148,6,395,212,91,203,-1,-1,-1
148,10,294,251,62,151,-1,-1,-1
148,14,628,180,68,168,-1,-1,-1
148,17,754,160,70,168,-1,-1,-1
148,20,553,216,80,173,-1,-1,-1
148,21,851,141,80,160,-1,-1,-1
148,25,713,174,64,146,-1,-1,-1
148,26,203,275,76,162,-1,-1,-1
148,145,6,542,124,166,-1,-1,-1
149,6,385,213,88,201,-1,-1,-1
149,10,300,252,57,137,-1,-1,-1
149,14,630,179,64,151,-1,-1,-1
149,17,742,160,75,185,-1,-1,-1
149,20,552,216,74,159,-1,-1,-1
149,21,849,138,77,158,-1,-1,-1
149,25,709,173,76,173,-1,-1,-1
149,26,200,275,87,190,-1,-1,-1
150,6,380,214,86,193,-1,-1,-1
150,10,297,251,66,158,-1,-1,-1
150,14,624,178,76,178,-1,-1,-1
150,17,738,158,75,189,-1,-1,-1
150,20,537,216,78,161,-1,-1,-1
150,21,841,137,73,147,-1,-1,-1
150,25,707,174,75,170,-1,-1,-1
150,26,203,277,87,192,-1,-1,-1
151,6,376,216,85,188,-1,-1,-1
151,10,301,249,73,172,-1,-1,-1
151,14,616,178,85,197,-1,-1,-1
151,17,740,155,67,168,-1,-1,-1
151,20,541,218,69,141,-1,-1,-1
151,21,828,137,76,151,-1,-1,-1
151,25,699,177,69,161,-1,-1,-1
151,26,198,277,80,172,-1,-1,-1
152,6,379,218,88,191,-1,-1,-1
152,10,297,251,75,179,-1,-1,-1
152,14,609,179,84,201,-1,-1,-1
152,17,737,156,56,139,-1,-1,-1
152,20,541,219,82,168,-1,-1,-1
152,21,822,138,79,158,-1,-1,-1
152,25,692,177,66,154,-1,-1,-1
152,26,199,278,85,175,-1,-1,-1
153,6,378,219,90,199,-1,-1,-1
153,10,289,255,73,180,-1,-1,-1
153,14,609,183,82,199,-1,-1,-1
153,17,728,158,62,159,-1,-1,-1
153,20,542,221,70,147,-1,-1,-1
153,21,816,140,79,161,-1,-1,-1
153,25,685,176,69,159,-1,-1,-1
153,26,205,279,89,184,-1,-1,-1
154,6,376,221,89,205,-1,-1,-1
154,10,280,255,73,180,-1,-1,-1
154,14,611,183,68,166,-1,-1,-1
154,17,728,159,52,135,-1,-1,-1
154,20,531,222,74,158,-1,-1,-1
154,21,811,142,76,156,-1,-1,-1
154,25,678,177,72,162,-1,-1,-1
154,26,206,280,89,192,-1,-1,-1
155,6,378,222,83,198,-1,-1,-1
155,10,290,255,62,153,-1,-1,-1
155,14,601,185,73,174,-1,-1,-1
155,17,727,160,47,122,-1,-1,-1
155,20,524,223,75,156,-1,-1,-1
155,21,807,143,71,146,-1,-1,-1
155,25,679,176,79,171,-1,-1,-1
155,26,206,281,86,191,-1,-1,-1
156,6,392,223,67,158,-1,-1,-1
156,10,294,255,68,167,-1,-1,-1
156,14,604,186,78,184,-1,-1,-1
156,17,723,160,49,126,-1,-1,-1
156,20,522,222,76,158,-1,-1,-1
156,21,796,144,76,153,-1,-1,-1
156,25,680,179,67,145,-1,-1,-1
156,26,207,282,78,168,-1,-1,-1
157,6,383,221,76,173,-1,-1,-1
157,10,296,257,57,136,-1,-1,-1
157,14,608,186,80,191,-1,-1,-1
157,17,718,160,48,125,-1,-1,-1
157,20,522,222,80,169,-1,-1,-1
157,21,794,144,77,151,-1,-1,-1
157,25,691,170,75,158,-1,-1,-1
157,26,205,283,80,167,-1,-1,-1
158,6,393,218,82,185,-1,-1,-1
158,10,300,257,53,129,-1,-1,-1
158,14,600,186,80,197,-1,-1,-1
158,20,523,220,82,179,-1,-1,-1
158,21,788,144,81,158,-1,-1,-1
158,25,680,162,82,167,-1,-1,-1
158,26,207,282,86,176,-1,-1,-1
159,6,391,218,83,190,-1,-1,-1
159,10,303,256,52,126,-1,-1,-1
159,14,608,183,66,162,-1,-1,-1
159,20,539,219,68,145,-1,-1,-1
159,21,787,140,75,151,-1,-1,-1
159,25,680,165,79,161,-1,-1,-1
159,26,209,282,80,163,-1,-1,-1
160,6,388,216,72,168,-1,-1,-1
160,10,305,254,62,149,-1,-1,-1
160,14,603,180,67,158,-1,-1,-1
160,20,532,217,69,146,-1,-1,-1
160,21,775,136,76,152,-1,-1,-1
160,25,680,162,85,171,-1,-1,-1
160,26,216,281,72,150,-1,-1,-1
161,6,384,216,68,160,-1,-1,-1
161,10,308,253,69,165,-1,-1,-1
161,14,600,177,76,175,-1,-1,-1
161,20,530,214,76,158,-1,-1,-1
161,21,767,134,78,151,-1,-1,-1
161,25,676,153,89,182,-1,-1,-1
161,26,227,279,70,145,-1,-1,-1
162,6,374,213,72,167,-1,-1,-1
162,10,302,251,73,177,-1,-1,-1
162,14,597,176,83,187,-1,-1,-1
162,20,530,212,82,168,-1,-1,-1
162,21,766,131,80,155,-1,-1,-1
162,25,676,149,85,172,-1,-1,-1
162,26,215,277,78,155,-1,-1,-1
163,6,369,209,78,177,-1,-1,-1
163,10,300,246,63,154,-1,-1,-1
163,14,596,171,85,196,-1,-1,-1
163,17,687,141,59,159,-1,-1,-1
163,20,524,209,80,169,-1,-1,-1
163,21,765,128,77,153,-1,-1,-1
163,25,661,154,80,164,-1,-1,-1
163,26,215,273,87,170,-1,-1,-1
164,6,371,204,85,187,-1,-1,-1
164,10,294,242,57,139,-1,-1,-1
164,14,589,168,83,197,-1,-1,-1
164,17,683,139,59,161,-1,-1,-1
164,20,523,206,68,146,-1,-1,-1
164,21,761,125,70,141,-1,-1,-1
164,25,653,142,82,168,-1,-1,-1
164,26,221,268,93,183,-1,-1,-1
165,6,372,202,71,157,-1,-1,-1
165,10,289,239,59,139,-1,-1,-1
165,14,593,164,71,171,-1,-1,-1
165,20,515,202,73,152,-1,-1,-1
165,21,752,122,68,136,-1,-1,-1
165,25,647,138,86,177,-1,-1,-1
165,26,221,265,95,192,-1,-1,-1
166,6,377,201,60,134,-1,-1,-1
166,10,293,237,59,140,-1,-1,-1
166,14,590,162,67,157,-1,-1,-1
166,20,504,198,80,165,-1,-1,-1
166,21,740,119,74,144,-1,-1,-1
166,25,646,147,80,162,-1,-1,-1
166,26,216,264,91,194,-1,-1,-1
167,6,382,200,60,134,-1,-1,-1
167,10,295,235,54,130,-1,-1,-1
167,14,593,160,73,173,-1,-1,-1
167,20,502,198,84,172,-1,-1,-1
167,21,735,117,80,153,-1,-1,-1
167,25,652,144,78,155,-1,-1,-1
167,26,225,264,76,163,-1,-1,-1
168,6,379,198,66,146,-1,-1,-1
168,10,302,236,54,128,-1,-1,-1
168,14,591,159,78,183,-1,-1,-1
168,20,499,197,85,180,-1,-1,-1
168,21,731,113,86,165,-1,-1,-1
168,25,649,144,69,139,-1,-1,-1
168,26,218,265,81,166,-1,-1,-1
169,6,372,195,78,167,-1,-1,-1
169,10,305,235,55,129,-1,-1,-1
169,14,581,158,80,190,-1,-1,-1
169,20,509,197,70,150,-1,-1,-1
169,21,724,111,82,162,-1,-1,-1
169,25,644,146,68,138,-1,-1,-1
169,26,218,265,88,177,-1,-1,-1
170,6,375,195,84,179,-1,-1,-1
170,10,309,234,60,140,-1,-1,-1
170,14,580,159,78,191,-1,-1,-1
170,17,648,127,67,176,-1,-1,-1
170,20,510,197,64,134,-1,-1,-1
170,21,727,110,69,139,-1,-1,-1
170,25,641,145,67,135,-1,-1,-1
170,26,216,266,90,184,-1,-1,-1
171,6,372,197,88,192,-1,-1,-1
171,10,310,234,70,161,-1,-1,-1
171,14,586,160,68,163,-1,-1,-1
171,17,644,125,73,183,-1,-1,-1
171,20,508,196,71,147,-1,-1,-1
171,21,720,109,68,134,-1,-1,-1
171,26,223,266,89,187,-1,-1,-1
172,6,369,199,79,179,-1,-1,-1
172,10,308,235,61,145,-1,-1,-1
172,14,583,159,67,156,-1,-1,-1
172,17,636,123,72,184,-1,-1,-1
172,20,508,196,78,159,-1,-1,-1
172,21,717,109,73,143,-1,-1,-1
172,26,238,267,76,159,-1,-1,-1
173,6,373,201,67,153,-1,-1,-1
173,10,308,237,54,129,-1,-1,-1
173,14,579,156,69,160,-1,-1,-1
173,17,629,142,71,186,-1,-1,-1
173,20,503,195,81,170,-1,-1,-1
173,21,713,110,73,145,-1,-1,-1
173,26,233,270,74,150,-1,-1,-1
173,197,75,644,96,75,-1,-1,-1
174,6,366,201,71,155,-1,-1,-1
174,10,297,238,57,131,-1,-1,-1
174,14,585,158,77,178,-1,-1,-1
174,17,623,142,72,189,-1,-1,-1
174,20,501,196,78,172,-1,-1,-1
174,21,707,110,77,157,-1,-1,-1
174,25,636,130,70,144,-1,-1,-1
174,26,235,272,84,165,-1,-1,-1
174,197,33,636,104,82,-1,-1,-1
175,6,366,202,81,172,-1,-1,-1
175,10,296,239,68,156,-1,-1,-1
175,14,584,159,79,188,-1,-1,-1
175,20,491,196,78,171,-1,-1,-1
175,21,701,110,67,135,-1,-1,-1
175,25,632,129,72,151,-1,-1,-1
175,26,238,272,90,176,-1,-1,-1
175,197,-9,628,111,89,-1,-1,-1
176,6,366,203,71,148,-1,-1,-1
176,10,304,242,65,152,-1,-1,-1
176,14,582,160,77,186,-1,-1,-1
176,20,494,197,76,166,-1,-1,-1
176,21,696,110,72,143,-1,-1,-1
176,25,626,128,81,171,-1,-1,-1
176,26,241,274,92,186,-1,-1,-1
176,197,-34,623,114,95,-1,-1,-1
177,6,363,205,71,149,-1,-1,-1
177,10,301,244,71,169,-1,-1,-1
177,14,582,161,69,163,-1,-1,-1
177,20,501,199,80,171,-1,-1,-1
177,21,697,111,72,144,-1,-1,-1
177,25,622,127,81,176,-1,-1,-1
177,26,247,276,79,164,-1,-1,-1
177,197,-65,617,120,100,-1,-1,-1
178,6,377,207,64,138,-1,-1,-1
178,10,309,246,58,140,-1,-1,-1
178,14,579,161,68,159,-1,-1,-1
178,20,500,201,70,150,-1,-1,-1
178,21,695,111,74,144,-1,-1,-1
178,25,620,141,82,185,-1,-1,-1
178,26,239,278,82,169,-1,-1,-1
179,6,389,209,62,134,-1,-1,-1
179,10,319,248,51,124,-1,-1,-1
179,14,586,163,77,178,-1,-1,-1
179,17,633,131,58,148,-1,-1,-1
179,20,505,203,63,138,-1,-1,-1
179,21,689,111,81,157,-1,-1,-1
179,25,617,140,84,188,-1,-1,-1
179,26,243,281,84,169,-1,-1,-1
180,6,391,210,65,139,-1,-1,-1
180,10,329,248,61,146,-1,-1,-1
180,14,591,164,79,185,-1,-1,-1
180,17,636,131,58,144,-1,-1,-1
180,20,514,204,59,127,-1,-1,-1
180,21,688,112,74,148,-1,-1,-1
180,26,253,283,87,173,-1,-1,-1
181,6,392,211,79,167,-1,-1,-1
181,10,330,251,66,159,-1,-1,-1
181,14,585,167,78,188,-1,-1,-1
181,17,633,130,67,164,-1,-1,-1
181,20,512,207,63,136,-1,-1,-1
181,21,688,113,67,133,-1,-1,-1
181,26,256,287,85,171,-1,-1,-1
182,6,390,214,84,181,-1,-1,-1
182,10,327,254,64,160,-1,-1,-1
182,14,591,169,73,173,-1,-1,-1
182,17,631,132,72,176,-1,-1,-1
182,20,512,207,74,153,-1,-1,-1
182,21,685,115,72,142,-1,-1,-1
182,26,264,290,83,172,-1,-1,-1
183,6,385,217,84,186,-1,-1,-1
183,10,329,257,55,140,-1,-1,-1
183,14,593,171,71,160,-1,-1,-1
183,17,627,134,63,155,-1,-1,-1
183,20,512,209,80,165,-1,-1,-1
183,21,683,117,74,146,-1,-1,-1
183,26,277,291,72,148,-1,-1,-1
184,6,389,221,68,153,-1,-1,-1
184,10,334,261,50,128,-1,-1,-1
184,14,595,167,74,165,-1,-1,-1
184,17,622,138,64,161,-1,-1,-1
184,20,511,213,79,170,-1,-1,-1
184,21,679,121,72,145,-1,-1,-1
184,26,269,293,75,145,-1,-1,-1
185,6,386,224,67,146,-1,-1,-1
185,10,335,264,61,158,-1,-1,-1
185,14,599,170,82,180,-1,-1,-1
185,17,626,141,57,141,-1,-1,-1
185,20,512,216,74,166,-1,-1,-1
185,21,672,122,76,159,-1,-1,-1
185,26,273,296,84,156,-1,-1,-1
186,6,388,227,76,166,-1,-1,-1
186,10,337,269,61,163,-1,-1,-1
186,14,597,158,92,203,-1,-1,-1
186,17,628,144,62,155,-1,-1,-1
186,20,510,221,75,157,-1,-1,-1
186,21,672,126,68,141,-1,-1,-1
186,26,284,300,92,174,-1,-1,-1
187,6,390,230,85,179,-1,-1,-1
187,10,345,272,50,134,-1,-1,-1
187,14,595,173,88,199,-1,-1,-1
187,17,633,146,52,122,-1,-1,-1
187,20,519,225,68,141,-1,-1,-1
187,21,676,129,64,131,-1,-1,-1
187,25,614,155,88,203,-1,-1,-1
187,26,289,303,93,183,-1,-1,-1
188,6,388,235,82,173,-1,-1,-1
188,10,349,277,48,126,-1,-1,-1
188,14,595,187,81,177,-1,-1,-1
188,17,627,148,52,121,-1,-1,-1
188,20,520,228,64,129,-1,-1,-1
188,21,667,133,70,140,-1,-1,-1
188,25,612,156,89,205,-1,-1,-1
188,26,289,307,92,186,-1,-1,-1
189,6,383,241,84,185,-1,-1,-1
189,10,354,281,49,127,-1,-1,-1
189,14,589,189,79,167,-1,-1,-1
189,17,624,153,49,112,-1,-1,-1
189,20,509,232,79,164,-1,-1,-1
189,21,663,136,73,146,-1,-1,-1
189,26,285,313,87,172,-1,-1,-1
190,6,398,245,68,151,-1,-1,-1
190,10,358,285,59,149,-1,-1,-1
190,14,584,173,91,190,-1,-1,-1
190,17,623,155,47,108,-1,-1,-1
190,20,509,236,81,171,-1,-1,-1
190,21,660,141,63,127,-1,-1,-1
190,25,628,144,93,224,-1,-1,-1
190,26,286,319,89,166,-1,-1,-1
191,6,404,249,65,144,-1,-1,-1
191,10,354,289,54,139,-1,-1,-1
191,14,585,173,82,177,-1,-1,-1
191,20,518,241,69,142,-1,-1,-1
191,21,660,143,57,114,-1,-1,-1
191,25,628,144,95,228,-1,-1,-1
191,26,295,324,91,167,-1,-1,-1
192,6,403,254,74,163,-1,-1,-1
192,10,354,296,43,107,-1,-1,-1
192,14,572,171,97,213,-1,-1,-1
192,20,518,246,65,131,-1,-1,-1
192,21,654,146,57,114,-1,-1,-1
192,25,635,175,78,180,-1,-1,-1
192,26,300,329,81,147,-1,-1,-1
193,6,402,259,81,172,-1,-1,-1
193,10,353,302,37,92,-1,-1,-1
193,14,576,196,86,195,-1,-1,-1
193,17,595,173,40,90,-1,-1,-1
193,20,515,250,76,150,-1,-1,-1
193,21,651,148,55,111,-1,-1,-1
193,25,638,158,75,174,-1,-1,-1
193,26,297,336,93,175,-1,-1,-1
194,6,396,265,83,179,-1,-1,-1
194,10,355,306,35,88,-1,-1,-1
194,14,590,215,67,147,-1,-1,-1
194,17,592,178,43,95,-1,-1,-1
194,20,513,255,80,160,-1,-1,-1
194,25,641,158,64,147,-1,-1,-1
194,26,293,341,96,178,-1,-1,-1
195,6,387,272,83,185,-1,-1,-1
195,14,578,223,73,150,-1,-1,-1
195,17,582,184,48,104,-1,-1,-1
195,20,506,261,76,157,-1,-1,-1
195,25,638,162,57,134,-1,-1,-1
195,26,291,347,95,165,-1,-1,-1
195,218,346,312,57,124,-1,-1,-1
196,6,392,278,64,143,-1,-1,-1
196,14,574,228,83,165,-1,-1,-1
196,17,579,189,48,105,-1,-1,-1
196,20,515,268,62,128,-1,-1,-1
196,25,639,168,46,109,-1,-1,-1
196,26,303,346,100,174,-1,-1,-1
196,218,345,310,58,126,-1,-1,-1
197,6,391,284,64,139,-1,-1,-1
197,14,572,230,92,177,-1,-1,-1
197,17,574,193,49,110,-1,-1,-1
197,20,510,274,60,122,-1,-1,-1
197,21,630,172,63,128,-1,-1,-1
197,25,639,169,42,99,-1,-1,-1
197,26,309,358,98,173,-1,-1,-1
197,218,349,323,54,117,-1,-1,-1
198,6,384,288,76,161,-1,-1,-1
198,14,576,231,94,185,-1,-1,-1
198,17,569,197,49,110,-1,-1,-1
198,20,507,277,75,152,-1,-1,-1
198,21,625,177,66,135,-1,-1,-1
198,26,314,358,103,185,-1,-1,-1
198,218,349,325,53,117,-1,-1,-1
199,6,383,292,85,176,-1,-1,-1
199,14,573,239,80,162,-1,-1,-1
199,17,562,201,47,108,-1,-1,-1
199,20,503,282,65,134,-1,-1,-1
199,21,614,181,67,133,-1,-1,-1
199,26,323,345,94,169,-1,-1,-1
200,6,376,297,91,190,-1,-1,-1
200,14,567,245,75,156,-1,-1,-1
200,17,542,205,54,121,-1,-1,-1
200,20,498,286,62,130,-1,-1,-1
200,21,597,184,71,146,-1,-1,-1
200,26,304,344,105,188,-1,-1,-1
200,218,318,338,58,122,-1,-1,-1
201,6,364,303,91,201,-1,-1,-1
201,14,554,244,81,167,-1,-1,-1
201,17,531,209,53,119,-1,-1,-1
201,20,499,290,57,118,-1,-1,-1
201,21,588,187,61,128,-1,-1,-1
201,26,287,344,113,197,-1,-1,-1
201,218,306,347,61,124,-1,-1,-1
202,6,361,308,94,206,-1,-1,-1
202,10,379,306,51,126,-1,-1,-1
202,14,541,249,89,176,-1,-1,-1
202,17,520,212,52,116,-1,-1,-1
202,20,486,292,57,117,-1,-1,-1
202,21,581,189,48,98,-1,-1,-1
202,26,278,353,115,199,-1,-1,-1
202,218,303,350,60,118,-1,-1,-1
203,10,376,307,54,127,-1,-1,-1
203,14,533,250,97,188,-1,-1,-1
203,17,514,214,48,108,-1,-1,-1
203,20,480,292,69,138,-1,-1,-1
203,21,558,190,73,153,-1,-1,-1
203,26,277,356,117,202,-1,-1,-1
203,218,293,352,69,137,-1,-1,-1
204,6,357,309,78,168,-1,-1,-1
204,10,378,308,55,129,-1,-1,-1
204,14,520,241,104,204,-1,-1,-1
204,17,509,216,48,107,-1,-1,-1
204,20,470,295,67,135,-1,-1,-1
204,21,558,193,55,110,-1,-1,-1
204,26,274,367,114,205,-1,-1,-1
204,218,295,354,63,123,-1,-1,-1
205,6,365,329,75,154,-1,-1,-1
205,14,517,253,95,191,-1,-1,-1
205,17,503,219,43,97,-1,-1,-1
205,20,460,296,76,158,-1,-1,-1
205,21,545,193,52,107,-1,-1,-1
205,26,286,360,104,187,-1,-1,-1
205,218,291,357,63,123,-1,-1,-1
206,6,364,334,75,154,-1,-1,-1
206,10,362,309,51,123,-1,-1,-1
206,14,526,256,79,158,-1,-1,-1
206,17,491,218,44,100,-1,-1,-1
206,20,456,297,66,140,-1,-1,-1
206,21,539,195,45,93,-1,-1,-1
206,26,279,361,102,181,-1,-1,-1
206,218,301,356,60,113,-1,-1,-1
207,10,348,309,52,129,-1,-1,-1
207,14,504,258,84,160,-1,-1,-1
207,17,480,217,50,114,-1,-1,-1
207,20,452,296,63,133,-1,-1,-1
207,21,524,193,50,103,-1,-1,-1
207,26,276,360,108,191,-1,-1,-1
207,218,298,359,59,113,-1,-1,-1
208,10,347,309,52,126,-1,-1,-1
208,14,494,257,91,170,-1,-1,-1
208,17,470,216,54,124,-1,-1,-1
208,20,441,296,68,143,-1,-1,-1
208,21,510,193,52,106,-1,-1,-1
208,26,280,381,102,182,-1,-1,-1
209,10,345,310,42,103,-1,-1,-1
209,14,487,256,97,177,-1,-1,-1
209,17,459,215,57,132,-1,-1,-1
209,20,433,294,76,154,-1,-1,-1
209,21,502,192,50,96,-1,-1,-1
209,26,279,385,102,183,-1,-1,-1
209,218,280,357,73,143,-1,-1,-1
210,10,343,311,44,105,-1,-1,-1
210,14,489,257,86,163,-1,-1,-1
210,17,448,217,58,131,-1,-1,-1
210,20,429,296,70,142,-1,-1,-1
210,21,491,191,51,98,-1,-1,-1
210,218,289,377,70,132,-1,-1,-1
211,6,327,342,74,143,-1,-1,-1
211,10,337,310,50,119,-1,-1,-1
211,14,487,257,78,152,-1,-1,-1
211,17,436,216,52,116,-1,-1,-1
211,20,428,297,61,125,-1,-1,-1
211,21,479,191,53,104,-1,-1,-1
211,26,273,360,99,182,-1,-1,-1
211,218,285,380,71,134,-1,-1,-1
212,6,324,345,74,142,-1,-1,-1
212,10,327,311,53,130,-1,-1,-1
212,14,493,259,68,134,-1,-1,-1
212,17,430,217,48,105,-1,-1,-1
212,20,430,295,57,117,-1,-1,-1
212,21,472,189,53,106,-1,-1,-1
212,26,268,367,102,182,-1,-1,-1
213,10,324,313,52,129,-1,-1,-1
213,14,483,259,78,152,-1,-1,-1
213,17,426,219,45,100,-1,-1,-1
213,20,422,289,67,135,-1,-1,-1
213,21,467,190,54,110,-1,-1,-1
213,26,270,362,110,195,-1,-1,-1
213,218,267,366,76,144,-1,-1,-1
214,10,327,317,50,124,-1,-1,-1
214,14,476,260,92,174,-1,-1,-1
214,17,422,222,45,101,-1,-1,-1
214,20,417,293,65,129,-1,-1,-1
214,21,464,191,47,95,-1,-1,-1
214,26,267,371,108,196,-1,-1,-1
214,218,268,364,71,137,-1,-1,-1
215,10,332,319,51,125,-1,-1,-1
215,14,475,261,96,177,-1,-1,-1
215,17,415,223,46,101,-1,-1,-1
215,20,413,296,75,151,-1,-1,-1
215,21,455,191,47,95,-1,-1,-1
215,26,266,372,109,198,-1,-1,-1
215,218,276,366,64,123,-1,-1,-1
216,6,325,322,85,163,-1,-1,-1
216,10,330,320,52,126,-1,-1,-1
216,14,469,265,94,178,-1,-1,-1
216,17,409,224,51,110,-1,-1,-1
216,20,410,306,62,127,-1,-1,-1
216,21,453,193,45,93,-1,-1,-1
216,26,271,389,99,184,-1,-1,-1
216,218,273,367,64,123,-1,-1,-1
216,239,456,225,55,128,-1,-1,-1
217,6,324,322,85,162,-1,-1,-1
217,14,480,268,75,145,-1,-1,-1
217,17,404,225,51,110,-1,-1,-1
217,20,408,308,60,127,-1,-1,-1
217,21,443,195,46,95,-1,-1,-1
217,26,277,395,92,166,-1,-1,-1
217,218,275,372,58,116,-1,-1,-1
217,239,451,239,56,131,-1,-1,-1
218,6,321,322,86,163,-1,-1,-1
218,14,483,269,68,134,-1,-1,-1
218,17,399,227,52,117,-1,-1,-1
218,20,409,307,63,132,-1,-1,-1
218,21,433,196,59,124,-1,-1,-1
218,26,268,349,117,213,-1,-1,-1
218,218,277,374,54,111,-1,-1,-1
218,239,448,245,57,132,-1,-1,-1
219,10,320,324,50,122,-1,-1,-1
219,14,475,268,74,138,-1,-1,-1
219,17,399,232,46,105,-1,-1,-1
219,20,395,256,76,165,-1,-1,-1
219,21,427,198,66,140,-1,-1,-1
219,26,279,355,115,213,-1,-1,-1
219,218,278,376,54,112,-1,-1,-1
220,10,306,325,53,117,-1,-1,-1
220,14,469,268,79,141,-1,-1,-1
220,17,390,232,46,103,-1,-1,-1
220,20,392,242,84,178,-1,-1,-1
220,21,424,201,66,142,-1,-1,-1
220,26,282,348,107,202,-1,-1,-1
220,218,276,377,53,111,-1,-1,-1
221,6,299,369,72,136,-1,-1,-1
221,10,304,326,53,117,-1,-1,-1
221,14,473,268,91,160,-1,-1,-1
221,17,386,233,48,104,-1,-1,-1
221,20,400,282,80,168,-1,-1,-1
221,21,422,203,66,145,-1,-1,-1
221,26,282,346,109,204,-1,-1,-1
222,6,296,373,71,134,-1,-1,-1
222,14,476,269,93,170,-1,-1,-1
222,17,387,235,49,105,-1,-1,-1
222,20,411,305,60,127,-1,-1,-1
222,21,418,206,63,144,-1,-1,-1
222,26,293,371,98,183,-1,-1,-1
222,239,444,257,46,108,-1,-1,-1
223,6,302,383,66,120,-1,-1,-1
223,14,473,271,91,176,-1,-1,-1
223,17,388,237,48,105,-1,-1,-1
223,20,417,310,58,120,-1,-1,-1
223,21,420,207,59,135,-1,-1,-1
223,26,292,379,101,183,-1,-1,-1
223,239,442,255,45,106,-1,-1,-1
223,240,331,336,39,83,-1,-1,-1
224,6,297,388,67,116,-1,-1,-1
224,10,330,336,57,131,-1,-1,-1
224,14,471,272,93,179,-1,-1,-1
224,17,387,239,54,120,-1,-1,-1
224,20,413,314,59,121,-1,-1,-1
224,21,419,210,59,136,-1,-1,-1
224,26,300,385,105,187,-1,-1,-1
224,239,443,256,43,104,-1,-1,-1
224,240,329,338,37,80,-1,-1,-1
225,6,294,392,65,113,-1,-1,-1
225,10,334,341,52,121,-1,-1,-1
225,17,382,241,50,112,-1,-1,-1
225,20,415,313,70,140,-1,-1,-1
225,21,414,211,55,128,-1,-1,-1
225,26,298,390,92,162,-1,-1,-1
225,239,447,259,40,94,-1,-1,-1
226,10,342,345,51,119,-1,-1,-1
226,14,479,277,89,168,-1,-1,-1
226,17,377,244,48,107,-1,-1,-1
226,20,414,311,67,137,-1,-1,-1
226,21,408,213,54,129,-1,-1,-1
226,26,303,397,90,159,-1,-1,-1
226,239,438,263,56,133,-1,-1,-1
227,6,301,400,64,116,-1,-1,-1
227,10,345,347,49,110,-1,-1,-1
227,14,484,278,93,170,-1,-1,-1
227,17,377,246,50,110,-1,-1,-1
227,20,412,311,68,139,-1,-1,-1
227,21,405,214,53,130,-1,-1,-1
227,26,318,401,92,168,-1,-1,-1
227,239,437,265,59,140,-1,-1,-1
228,6,306,402,64,121,-1,-1,-1
228,10,360,349,54,115,-1,-1,-1
228,14,482,279,96,176,-1,-1,-1
228,17,378,249,49,110,-1,-1,-1
228,20,423,322,60,123,-1,-1,-1
228,21,409,217,47,115,-1,-1,-1
228,26,324,402,95,172,-1,-1,-1
228,239,445,266,46,105,-1,-1,-1
229,6,305,406,64,120,-1,-1,-1
229,10,360,352,69,145,-1,-1,-1
229,14,479,286,92,176,-1,-1,-1
229,17,378,245,52,117,-1,-1,-1
229,20,425,324,58,119,-1,-1,-1
229,21,404,220,53,126,-1,-1,-1
229,26,328,405,95,172,-1,-1,-1
229,218,291,399,76,145,-1,-1,-1
229,239,448,267,39,87,-1,-1,-1
230,6,317,404,64,120,-1,-1,-1
230,10,351,359,97,204,-1,-1,-1
230,14,484,288,89,174,-1,-1,-1
230,17,378,251,54,123,-1,-1,-1
230,20,422,326,70,138,-1,-1,-1
230,21,409,222,54,128,-1,-1,-1
230,26,327,395,92,161,-1,-1,-1
230,218,292,402,77,148,-1,-1,-1
230,239,450,270,39,85,-1,-1,-1
231,6,326,403,65,126,-1,-1,-1
231,10,357,384,91,198,-1,-1,-1
231,14,490,289,84,161,-1,-1,-1
231,17,379,253,55,122,-1,-1,-1
231,20,428,331,77,148,-1,-1,-1
231,21,418,224,58,132,-1,-1,-1
231,26,331,396,91,159,-1,-1,-1
231,239,450,272,38,83,-1,-1,-1
232,6,327,406,65,126,-1,-1,-1
232,10,355,387,88,187,-1,-1,-1
232,14,506,289,75,140,-1,-1,-1
232,17,384,257,56,121,-1,-1,-1
232,20,434,333,79,155,-1,-1,-1
232,21,424,226,61,134,-1,-1,-1
233,10,358,391,91,193,-1,-1,-1
233,14,510,288,85,159,-1,-1,-1
233,17,388,260,62,137,-1,-1,-1
233,20,448,334,71,136,-1,-1,-1
233,21,420,251,64,134,-1,-1,-1
233,26,357,431,78,131,-1,-1,-1
233,239,452,273,46,95,-1,-1,-1
234,14,518,291,90,168,-1,-1,-1
234,17,397,257,68,150,-1,-1,-1
234,20,458,333,65,124,-1,-1,-1
234,21,430,249,64,131,-1,-1,-1
234,26,361,435,84,125,-1,-1,-1
234,239,461,278,44,90,-1,-1,-1
235,14,525,293,89,175,-1,-1,-1
235,17,404,239,70,154,-1,-1,-1
235,20,458,298,79,152,-1,-1,-1
235,21,430,253,65,132,-1,-1,-1
235,26,382,428,113,165,-1,-1,-1
235,239,463,280,44,89,-1,-1,-1
236,6,392,419,63,123,-1,-1,-1
236,14,535,294,89,181,-1,-1,-1
236,17,411,232,70,148,-1,-1,-1
236,20,468,285,69,136,-1,-1,-1
236,26,413,452,111,159,-1,-1,-1
237,6,409,412,64,124,-1,-1,-1
237,14,560,296,71,146,-1,-1,-1
237,17,423,230,70,145,-1,-1,-1
237,20,471,281,70,137,-1,-1,-1
237,26,423,458,117,170,-1,-1,-1
238,6,433,413,62,117,-1,-1,-1
238,14,567,303,75,148,-1,-1,-1
238,17,434,231,69,145,-1,-1,-1
238,26,435,463,118,172,-1,-1,-1
239,6,442,415,62,116,-1,-1,-1
239,14,587,299,72,141,-1,-1,-1
239,17,454,233,64,137,-1,-1,-1
240,14,590,298,84,156,-1,-1,-1
240,17,473,235,64,135,-1,-1,-1
241,14,616,299,85,161,-1,-1,-1
241,17,479,235,64,136,-1,-1,-1
241,20,477,282,64,118,-1,-1,-1
241,249,484,367,147,204,-1,-1,-1
242,14,637,302,83,164,-1,-1,-1
242,20,480,280,64,117,-1,-1,-1
242,239,516,291,43,81,-1,-1,-1
242,249,512,372,165,230,-1,-1,-1
243,14,657,303,76,154,-1,-1,-1
243,17,527,249,61,130,-1,-1,-1
243,239,521,293,42,80,-1,-1,-1
243,249,525,367,183,256,-1,-1,-1
243,252,587,298,58,96,-1,-1,-1
244,14,688,302,62,129,-1,-1,-1
244,17,537,250,61,130,-1,-1,-1
244,249,544,368,193,270,-1,-1,-1
244,252,604,297,61,99,-1,-1,-1
245,14,717,303,55,114,-1,-1,-1
245,252,630,319,48,77,-1,-1,-1
246,14,746,303,67,139,-1,-1,-1
246,252,655,305,56,91,-1,-1,-1
247,14,771,304,72,150,-1,-1,-1
247,252,676,303,65,106,-1,-1,-1
248,14,796,305,72,155,-1,-1,-1
248,252,693,302,67,110,-1,-1,-1
248,255,686,375,157,183,-1,-1,-1
249,14,822,307,70,156,-1,-1,-1
249,255,696,372,184,215,-1,-1,-1
250,14,859,306,56,124,-1,-1,-1
250,255,724,381,162,187,-1,-1,-1
251,14,900,305,52,115,-1,-1,-1
251,255,774,396,123,143,-1,-1,-1
252,14,933,303,57,125,-1,-1,-1
252,252,775,262,67,110,-1,-1,-1
252,255,804,375,135,157,-1,-1,-1
252,260,1265,50,13,63,-1,-1,-1
253,14,966,303,63,139,-1,-1,-1
253,252,794,258,68,113,-1,-1,-1
253,255,844,360,132,157,-1,-1,-1
253,260,1266,50,13,64,-1,-1,-1
253,262,977,0,36,30,-1,-1,-1
254,14,1002,307,54,121,-1,-1,-1
254,255,869,351,133,158,-1,-1,-1
254,260,1266,50,13,64,-1,-1,-1
254,262,978,0,37,31,-1,-1,-1
255,14,1036,308,49,111,-1,-1,-1
255,260,1266,50,13,64,-1,-1,-1
255,262,977,0,37,31,-1,-1,-1
256,14,1074,306,42,98,-1,-1,-1
256,260,1266,50,13,65,-1,-1,-1
256,262,978,0,37,31,-1,-1,-1
257,14,1111,305,41,95,-1,-1,-1
257,255,967,295,104,125,-1,-1,-1
257,260,1266,50,13,65,-1,-1,-1
257,262,977,0,36,31,-1,-1,-1
258,14,1147,307,38,84,-1,-1,-1
258,255,1000,289,93,113,-1,-1,-1
258,260,1266,50,13,65,-1,-1,-1
258,262,977,0,36,31,-1,-1,-1
258,272,1058,400,64,119,-1,-1,-1
259,14,1177,302,45,97,-1,-1,-1
259,255,1040,289,82,103,-1,-1,-1
259,260,1266,51,13,65,-1,-1,-1
259,262,977,0,36,31,-1,-1,-1
259,272,1078,405,60,111,-1,-1,-1
260,14,1215,302,36,77,-1,-1,-1
260,255,1078,302,68,87,-1,-1,-1
260,260,1266,53,13,63,-1,-1,-1
260,262,976,1,37,31,-1,-1,-1
261,14,1243,302,41,90,-1,-1,-1
261,255,1107,298,74,98,-1,-1,-1
261,260,1266,53,13,63,-1,-1,-1
261,262,977,1,37,31,-1,-1,-1
262,14,1275,302,40,89,-1,-1,-1
262,255,1138,293,71,94,-1,-1,-1
262,260,1265,53,13,63,-1,-1,-1
262,262,977,1,37,32,-1,-1,-1
263,260,1265,53,13,63,-1,-1,-1
263,262,976,1,37,32,-1,-1,-1
264,255,1199,289,68,93,-1,-1,-1
264,260,1265,54,13,62,-1,-1,-1
264,262,976,1,37,32,-1,-1,-1
264,280,1265,0,14,37,-1,-1,-1
264,281,1226,0,34,27,-1,-1,-1
265,255,1229,284,66,90,-1,-1,-1
265,260,1265,56,13,60,-1,-1,-1
265,262,976,1,37,32,-1,-1,-1
265,280,1265,0,15,37,-1,-1,-1
265,281,1226,0,34,27,-1,-1,-1
266,17,923,207,20,44,-1,-1,-1
266,260,1265,57,13,59,-1,-1,-1
266,262,976,1,37,31,-1,-1,-1
266,280,1265,0,15,38,-1,-1,-1
266,281,1226,0,34,27,-1,-1,-1
267,17,926,206,19,43,-1,-1,-1
267,260,1266,58,13,59,-1,-1,-1
267,262,974,1,37,31,-1,-1,-1
267,280,1265,0,15,38,-1,-1,-1
268,17,941,205,18,40,-1,-1,-1
268,260,1266,58,13,58,-1,-1,-1
268,262,974,1,38,31,-1,-1,-1
268,280,1265,0,15,39,-1,-1,-1
269,260,1265,60,13,57,-1,-1,-1
269,262,973,1,38,32,-1,-1,-1
270,260,1266,63,12,53,-1,-1,-1
270,262,973,1,38,32,-1,-1,-1
270,283,925,206,18,44,-1,-1,-1
271,252,1116,100,110,191,-1,-1,-1
271,260,1266,64,12,52,-1,-1,-1
271,262,972,1,38,32,-1,-1,-1
271,283,925,205,18,45,-1,-1,-1
272,252,1127,99,107,194,-1,-1,-1
272,262,972,1,39,32,-1,-1,-1
273,252,1145,91,109,198,-1,-1,-1
273,262,973,1,39,32,-1,-1,-1
274,262,972,1,40,32,-1,-1,-1
275,262,971,1,40,32,-1,-1,-1
276,262,971,1,40,33,-1,-1,-1
277,262,971,1,40,33,-1,-1,-1
279,284,656,120,243,568,-1,-1,-1
279,285,-9,166,175,494,-1,-1,-1
279,286,405,176,249,519,-1,-1,-1
279,287,1016,148,182,538,-1,-1,-1
279,288,227,131,223,528,-1,-1,-1
279,291,122,94,62,157,-1,-1,-1
280,272,1212,144,58,113,-1,-1,-1
280,284,647,120,246,576,-1,-1,-1
280,285,-13,161,175,496,-1,-1,-1
280,286,396,183,250,522,-1,-1,-1
280,287,1013,149,184,539,-1,-1,-1
280,288,228,129,228,540,-1,-1,-1
280,291,141,94,63,160,-1,-1,-1
280,293,451,99,50,171,-1,-1,-1
281,272,1228,142,54,113,-1,-1,-1
281,284,647,144,242,565,-1,-1,-1
281,285,-18,161,169,484,-1,-1,-1
281,286,390,182,251,528,-1,-1,-1
281,287,1010,152,186,541,-1,-1,-1
281,288,235,124,211,501,-1,-1,-1
281,291,162,96,62,160,-1,-1,-1
281,293,472,105,45,151,-1,-1,-1
281,295,1195,140,52,90,-1,-1,-1
282,272,1235,130,54,112,-1,-1,-1
282,284,647,147,243,569,-1,-1,-1
282,285,-18,167,155,449,-1,-1,-1
282,286,384,186,248,525,-1,-1,-1
282,287,1003,154,194,555,-1,-1,-1
282,288,229,126,207,492,-1,-1,-1
282,291,181,103,62,160,-1,-1,-1
282,293,499,113,29,93,-1,-1,-1
282,295,1217,142,58,99,-1,-1,-1
283,284,646,149,242,567,-1,-1,-1
283,285,-27,174,139,416,-1,-1,-1
283,286,375,193,245,523,-1,-1,-1
283,287,1008,156,196,552,-1,-1,-1
283,288,210,130,232,551,-1,-1,-1
283,291,200,111,56,147,-1,-1,-1
283,293,519,118,19,63,-1,-1,-1
283,295,1226,150,62,108,-1,-1,-1
284,284,638,150,240,567,-1,-1,-1
284,285,-33,175,134,401,-1,-1,-1
284,286,362,198,241,520,-1,-1,-1
284,287,994,167,199,546,-1,-1,-1
284,288,191,137,234,563,-1,-1,-1
284,291,215,116,54,141,-1,-1,-1
284,295,1229,156,64,113,-1,-1,-1
284,300,1196,151,57,132,-1,-1,-1
285,284,639,146,241,570,-1,-1,-1
285,286,354,208,235,511,-1,-1,-1
285,287,979,173,201,542,-1,-1,-1
285,288,178,144,237,574,-1,-1,-1
285,291,229,118,54,141,-1,-1,-1
285,295,1239,160,66,117,-1,-1,-1
285,300,1206,156,57,134,-1,-1,-1
285,303,525,124,69,191,-1,-1,-1
285,304,861,239,78,130,-1,-1,-1
285,305,827,147,54,137,-1,-1,-1
286,284,636,145,240,570,-1,-1,-1
286,286,340,219,229,499,-1,-1,-1
286,287,979,173,202,542,-1,-1,-1
286,288,154,148,235,575,-1,-1,-1
286,303,535,133,76,211,-1,-1,-1
286,304,876,247,77,130,-1,-1,-1
286,305,838,153,61,154,-1,-1,-1
286,306,428,106,43,86,-1,-1,-1
287,284,630,166,231,549,-1,-1,-1
287,286,325,225,225,490,-1,-1,-1
287,287,974,176,202,540,-1,-1,-1
287,288,146,156,229,563,-1,-1,-1
287,300,1232,175,60,143,-1,-1,-1
287,303,546,140,79,222,-1,-1,-1
287,304,891,257,76,129,-1,-1,-1
287,305,852,162,58,149,-1,-1,-1
287,306,442,114,43,85,-1,-1,-1
288,284,623,193,221,523,-1,-1,-1
288,286,304,229,223,488,-1,-1,-1
288,287,963,191,198,525,-1,-1,-1
288,288,127,175,219,541,-1,-1,-1
288,291,269,153,43,110,-1,-1,-1
288,300,1239,186,51,125,-1,-1,-1
288,303,557,155,77,219,-1,-1,-1
288,304,899,267,77,131,-1,-1,-1
288,305,865,177,54,140,-1,-1,-1
288,306,452,127,44,87,-1,-1,-1
288,308,0,164,108,213,-1,-1,-1
289,284,600,218,214,497,-1,-1,-1
289,286,275,237,221,481,-1,-1,-1
289,287,952,259,176,456,-1,-1,-1
289,288,95,199,209,518,-1,-1,-1
289,291,271,166,56,144,-1,-1,-1
289,300,1238,199,54,135,-1,-1,-1
289,303,565,173,69,200,-1,-1,-1
289,304,900,281,80,137,-1,-1,-1
289,305,869,192,52,135,-1,-1,-1
289,306,457,142,44,87,-1,-1,-1
289,308,6,179,111,221,-1,-1,-1
289,312,405,143,43,78,-1,-1,-1
290,284,569,214,222,501,-1,-1,-1
290,286,267,251,212,460,-1,-1,-1
290,287,920,248,184,468,-1,-1,-1
290,288,62,193,213,527,-1,-1,-1
290,291,275,178,56,148,-1,-1,-1
290,300,1243,224,51,132,-1,-1,-1
290,303,573,180,70,205,-1,-1,-1
290,304,889,292,83,148,-1,-1,-1
290,305,867,206,51,131,-1,-1,-1
290,306,465,151,44,87,-1,-1,-1
290,308,2,188,115,228,-1,-1,-1
290,312,409,154,41,74,-1,-1,-1
291,284,544,212,228,503,-1,-1,-1
291,286,245,259,208,451,-1,-1,-1
291,287,887,255,187,461,-1,-1,-1
291,288,37,199,212,523,-1,-1,-1
291,291,276,187,55,147,-1,-1,-1
291,300,1238,230,54,145,-1,-1,-1
291,304,893,300,86,152,-1,-1,-1
291,305,861,214,51,133,-1,-1,-1
291,308,2,202,110,221,-1,-1,-1
291,316,797,225,56,177,-1,-1,-1
292,284,536,215,230,500,-1,-1,-1
292,286,214,264,209,452,-1,-1,-1
292,287,855,256,192,461,-1,-1,-1
292,288,22,197,214,525,-1,-1,-1
292,291,287,195,56,149,-1,-1,-1
292,300,1236,240,52,141,-1,-1,-1
292,305,857,219,52,136,-1,-1,-1
292,308,2,212,114,230,-1,-1,-1
292,316,793,228,59,184,-1,-1,-1
292,317,473,340,44,114,-1,-1,-1
293,284,519,202,237,513,-1,-1,-1
293,286,181,259,210,457,-1,-1,-1
293,287,831,253,197,464,-1,-1,-1
293,288,3,207,210,515,-1,-1,-1
293,300,1233,242,52,141,-1,-1,-1
293,305,854,220,50,130,-1,-1,-1
293,316,789,231,59,183,-1,-1,-1
293,317,475,341,43,113,-1,-1,-1
294,284,505,204,237,512,-1,-1,-1
294,286,160,256,212,459,-1,-1,-1
294,287,802,242,206,474,-1,-1,-1
294,288,-10,208,204,504,-1,-1,-1
294,300,1226,247,49,135,-1,-1,-1
294,305,854,223,44,113,-1,-1,-1
294,316,791,231,54,164,-1,-1,-1
294,317,475,342,43,113,-1,-1,-1
295,284,493,198,239,517,-1,-1,-1
295,286,137,254,212,462,-1,-1,-1
295,287,781,238,210,477,-1,-1,-1
295,288,-20,196,207,519,-1,-1,-1
295,291,294,201,54,149,-1,-1,-1
295,300,1220,249,49,135,-1,-1,-1
295,305,856,230,43,111,-1,-1,-1
295,316,793,232,51,153,-1,-1,-1
296,284,483,202,237,511,-1,-1,-1
296,286,121,252,214,464,-1,-1,-1
296,287,770,239,212,477,-1,-1,-1
296,288,-24,191,205,524,-1,-1,-1
296,291,301,205,52,144,-1,-1,-1
296,300,1218,254,47,132,-1,-1,-1
296,316,791,234,50,149,-1,-1,-1
296,322,1247,251,25,134,-1,-1,-1
297,284,469,206,236,507,-1,-1,-1
297,286,108,253,212,461,-1,-1,-1
297,287,762,241,213,475,-1,-1,-1
297,288,-25,189,201,525,-1,-1,-1
297,291,312,209,50,141,-1,-1,-1
297,300,1217,257,46,131,-1,-1,-1
297,322,1248,256,25,131,-1,-1,-1
298,284,461,210,237,504,-1,-1,-1
298,286,102,257,212,456,-1,-1,-1
298,287,756,251,212,461,-1,-1,-1
298,288,-26,201,192,512,-1,-1,-1
298,291,325,213,48,138,-1,-1,-1
298,300,1214,258,45,125,-1,-1,-1
298,306,497,189,40,77,-1,-1,-1
298,312,446,180,45,82,-1,-1,-1
298,322,1245,260,25,126,-1,-1,-1
298,325,1138,248,47,124,-1,-1,-1
299,284,456,197,244,517,-1,-1,-1
299,286,96,267,213,447,-1,-1,-1
299,287,744,253,216,457,-1,-1,-1
299,288,-27,198,187,512,-1,-1,-1
299,291,337,214,48,136,-1,-1,-1
299,300,1213,258,45,124,-1,-1,-1
299,305,877,239,42,111,-1,-1,-1
299,306,502,195,39,76,-1,-1,-1
299,312,456,182,46,84,-1,-1,-1
299,322,1244,260,26,126,-1,-1,-1
299,325,1143,250,46,122,-1,-1,-1
300,284,455,192,246,523,-1,-1,-1
300,285,140,216,47,138,-1,-1,-1
300,286,85,266,218,448,-1,-1,-1
300,287,727,249,221,462,-1,-1,-1
300,288,-29,203,177,499,-1,-1,-1
300,291,351,215,47,135,-1,-1,-1
300,300,1213,257,45,121,-1,-1,-1
300,305,880,238,44,116,-1,-1,-1
300,306,514,194,39,75,-1,-1,-1
300,312,465,181,46,85,-1,-1,-1
300,322,1245,261,26,122,-1,-1,-1
301,284,449,190,249,525,-1,-1,-1
301,285,149,219,42,121,-1,-1,-1
301,286,73,254,226,460,-1,-1,-1
301,287,717,244,224,469,-1,-1,-1
301,288,-25,201,164,475,-1,-1,-1
301,291,362,215,46,133,-1,-1,-1
301,300,1213,256,44,120,-1,-1,-1
301,305,883,240,44,116,-1,-1,-1
301,306,520,199,38,74,-1,-1,-1
301,312,476,186,43,80,-1,-1,-1
301,322,1245,262,26,119,-1,-1,-1
302,284,447,188,252,527,-1,-1,-1
302,286,67,247,230,465,-1,-1,-1
302,287,701,233,228,481,-1,-1,-1
302,288,-24,183,164,486,-1,-1,-1
302,291,372,215,46,131,-1,-1,-1
302,300,1211,254,45,120,-1,-1,-1
302,305,885,239,43,116,-1,-1,-1
302,306,530,195,38,73,-1,-1,-1
302,312,486,188,40,75,-1,-1,-1
302,322,1244,260,27,118,-1,-1,-1
302,331,280,167,33,86,-1,-1,-1
302,332,319,162,42,94,-1,-1,-1
303,284,448,186,255,530,-1,-1,-1
303,285,118,201,48,136,-1,-1,-1
303,286,59,232,237,482,-1,-1,-1
303,287,690,225,229,488,-1,-1,-1
303,288,-32,175,169,521,-1,-1,-1
303,291,382,212,45,131,-1,-1,-1
303,300,1213,250,46,123,-1,-1,-1
303,305,888,237,43,114,-1,-1,-1
303,306,537,199,38,73,-1,-1,-1
303,312,494,184,42,79,-1,-1,-1
303,322,1242,257,29,120,-1,-1,-1
303,331,287,148,40,102,-1,-1,-1
303,332,330,159,43,95,-1,-1,-1
303,333,913,324,86,103,-1,-1,-1
304,284,450,190,254,526,-1,-1,-1
304,285,129,201,42,117,-1,-1,-1
304,286,49,225,241,490,-1,-1,-1
304,287,680,225,228,489,-1,-1,-1
304,288,-36,168,167,539,-1,-1,-1
304,291,394,210,44,127,-1,-1,-1
304,300,1213,252,46,123,-1,-1,-1
304,305,894,236,41,110,-1,-1,-1
304,312,500,187,42,78,-1,-1,-1
304,322,1246,249,29,117,-1,-1,-1
304,331,299,139,43,109,-1,-1,-1
304,332,344,158,41,90,-1,-1,-1
304,333,921,314,89,106,-1,-1,-1
304,336,351,319,76,103,-1,-1,-1
305,284,452,198,253,518,-1,-1,-1
305,285,131,199,39,108,-1,-1,-1
305,286,45,231,238,483,-1,-1,-1
305,287,674,226,227,489,-1,-1,-1
305,288,-37,158,161,544,-1,-1,-1
305,291,403,206,43,126,-1,-1,-1
305,305,900,233,41,108,-1,-1,-1
305,316,846,234,45,132,-1,-1,-1
305,322,1244,243,30,119,-1,-1,-1
305,331,308,133,45,114,-1,-1,-1
305,332,353,157,40,89,-1,-1,-1
305,333,925,307,90,107,-1,-1,-1
305,336,361,313,75,101,-1,-1,-1
306,284,451,181,261,534,-1,-1,-1
306,286,34,237,237,476,-1,-1,-1
306,287,666,230,224,484,-1,-1,-1
306,288,-35,156,144,509,-1,-1,-1
306,291,413,202,42,124,-1,-1,-1
306,300,1206,236,44,120,-1,-1,-1
306,305,903,230,41,107,-1,-1,-1
306,316,849,233,47,138,-1,-1,-1
306,322,1242,240,31,118,-1,-1,-1
306,333,929,304,86,104,-1,-1,-1
306,336,371,310,73,98,-1,-1,-1
306,338,72,208,46,107,-1,-1,-1
307,284,456,158,269,556,-1,-1,-1
307,286,21,229,243,488,-1,-1,-1
307,287,658,234,221,480,-1,-1,-1
307,288,-23,219,110,404,-1,-1,-1
307,291,422,201,41,121,-1,-1,-1
307,300,1206,236,44,119,-1,-1,-1
307,305,904,225,41,108,-1,-1,-1
307,316,850,230,50,148,-1,-1,-1
307,322,1243,233,32,120,-1,-1,-1
307,332,371,151,40,87,-1,-1,-1
307,333,930,298,86,104,-1,-1,-1
307,336,382,304,73,98,-1,-1,-1
307,338,84,201,48,113,-1,-1,-1
308,284,465,145,274,569,-1,-1,-1
308,286,12,224,244,490,-1,-1,-1
308,287,647,227,221,488,-1,-1,-1
308,288,-29,223,107,392,-1,-1,-1
308,291,429,193,42,124,-1,-1,-1
308,305,907,221,41,108,-1,-1,-1
308,316,854,224,50,146,-1,-1,-1
308,322,1242,231,32,116,-1,-1,-1
308,332,378,147,40,87,-1,-1,-1
308,333,929,295,83,102,-1,-1,-1
308,336,389,300,74,99,-1,-1,-1
308,338,91,197,50,117,-1,-1,-1
308,339,222,203,60,140,-1,-1,-1
309,284,476,131,278,582,-1,-1,-1
309,286,2,210,251,503,-1,-1,-1
309,287,638,216,222,498,-1,-1,-1
309,288,-20,270,74,286,-1,-1,-1
309,291,435,190,42,125,-1,-1,-1
309,305,909,217,41,108,-1,-1,-1
309,316,858,222,48,139,-1,-1,-1
309,322,1240,230,33,115,-1,-1,-1
309,331,343,125,42,106,-1,-1,-1
309,332,385,144,40,88,-1,-1,-1
309,333,930,291,80,99,-1,-1,-1
309,336,395,296,73,98,-1,-1,-1
309,339,228,198,71,165,-1,-1,-1
310,284,484,135,276,578,-1,-1,-1
310,286,-3,201,255,512,-1,-1,-1
310,287,633,207,221,506,-1,-1,-1
310,288,-24,280,67,261,-1,-1,-1
310,291,440,191,40,120,-1,-1,-1
310,305,910,216,41,107,-1,-1,-1
310,316,860,222,47,134,-1,-1,-1
310,322,1236,230,35,115,-1,-1,-1
310,331,349,128,40,101,-1,-1,-1
310,332,392,144,39,86,-1,-1,-1
310,333,931,290,79,99,-1,-1,-1
310,336,400,294,72,97,-1,-1,-1
310,339,234,193,76,179,-1,-1,-1
311,284,482,136,276,577,-1,-1,-1
311,286,-8,194,256,519,-1,-1,-1
311,287,627,203,218,509,-1,-1,-1
311,291,443,194,38,117,-1,-1,-1
311,305,907,217,40,106,-1,-1,-1
311,316,858,224,46,130,-1,-1,-1
311,322,1234,228,37,117,-1,-1,-1
311,331,358,125,41,102,-1,-1,-1
311,332,397,147,38,84,-1,-1,-1
311,333,928,290,76,96,-1,-1,-1
311,336,401,293,71,95,-1,-1,-1
311,339,238,196,75,178,-1,-1,-1
311,341,188,180,55,159,-1,-1,-1
312,284,470,148,273,564,-1,-1,-1
312,286,-7,211,246,500,-1,-1,-1
312,287,626,199,214,513,-1,-1,-1
312,291,442,197,39,118,-1,-1,-1
312,300,1189,229,41,111,-1,-1,-1
312,305,902,220,40,104,-1,-1,-1
312,316,851,226,48,134,-1,-1,-1
312,322,1233,227,37,116,-1,-1,-1
312,332,405,145,38,83,-1,-1,-1
312,333,922,291,75,97,-1,-1,-1
312,336,401,296,70,94,-1,-1,-1
312,339,241,200,73,174,-1,-1,-1
312,341,188,187,60,176,-1,-1,-1
313,284,457,154,274,559,-1,-1,-1
313,286,-6,221,241,491,-1,-1,-1
313,287,615,197,215,515,-1,-1,-1
313,291,439,199,39,121,-1,-1,-1
313,300,1187,228,41,110,-1,-1,-1
313,305,894,223,38,100,-1,-1,-1
313,308,269,282,57,110,-1,-1,-1
313,316,853,226,47,133,-1,-1,-1
313,332,396,152,37,83,-1,-1,-1
313,333,913,292,74,98,-1,-1,-1
313,336,400,298,70,93,-1,-1,-1
313,339,242,203,71,170,-1,-1,-1
313,341,187,193,62,182,-1,-1,-1
314,284,465,144,288,570,-1,-1,-1
314,286,-14,222,237,489,-1,-1,-1
314,291,435,203,38,118,-1,-1,-1
314,300,1162,234,40,104,-1,-1,-1
314,305,884,226,38,99,-1,-1,-1
314,308,271,283,54,102,-1,-1,-1
314,316,834,231,45,124,-1,-1,-1
314,332,391,156,37,81,-1,-1,-1
314,333,903,295,71,95,-1,-1,-1
314,336,395,299,69,91,-1,-1,-1
314,339,239,205,71,171,-1,-1,-1
314,341,186,196,62,183,-1,-1,-1
315,284,454,134,291,578,-1,-1,-1
315,286,-21,215,235,496,-1,-1,-1
315,291,430,205,37,115,-1,-1,-1
315,300,1147,236,38,101,-1,-1,-1
315,303,1170,241,43,117,-1,-1,-1
315,305,872,228,39,100,-1,-1,-1
315,308,272,285,54,97,-1,-1,-1
315,316,821,232,47,129,-1,-1,-1
315,332,386,158,37,80,-1,-1,-1
315,333,891,295,70,94,-1,-1,-1
315,336,392,300,67,88,-1,-1,-1
315,338,111,205,56,137,-1,-1,-1
315,339,238,207,70,170,-1,-1,-1
315,341,185,197,61,182,-1,-1,-1
316,284,438,123,295,587,-1,-1,-1
316,286,-25,211,232,499,-1,-1,-1
316,291,424,207,37,115,-1,-1,-1
316,300,1130,240,37,99,-1,-1,-1
316,303,1159,245,42,111,-1,-1,-1
316,305,869,228,38,100,-1,-1,-1
316,308,270,287,55,95,-1,-1,-1
316,316,819,232,47,128,-1,-1,-1
316,332,389,158,36,79,-1,-1,-1
316,333,879,296,68,94,-1,-1,-1
316,336,387,302,66,86,-1,-1,-1
316,338,111,208,54,135,-1,-1,-1
316,339,235,208,67,167,-1,-1,-1
316,341,184,198,60,181,-1,-1,-1
316,347,1206,287,45,83,-1,-1,-1
317,284,426,116,300,594,-1,-1,-1
317,286,-28,212,225,499,-1,-1,-1
317,291,418,212,36,111,-1,-1,-1
317,300,1113,247,36,96,-1,-1,-1
317,303,1179,248,41,106,-1,-1,-1
317,305,847,235,38,98,-1,-1,-1
317,308,263,290,54,94,-1,-1,-1
317,316,798,245,41,112,-1,-1,-1
317,333,867,303,63,87,-1,-1,-1
317,336,382,307,64,84,-1,-1,-1
317,338,111,212,54,139,-1,-1,-1
317,339,232,210,66,165,-1,-1,-1
317,341,183,204,58,176,-1,-1,-1
317,347,1190,293,42,79,-1,-1,-1
318,284,423,118,300,592,-1,-1,-1
318,286,-32,219,216,492,-1,-1,-1
318,291,408,214,36,112,-1,-1,-1
318,300,1089,253,35,93,-1,-1,-1
318,305,829,238,37,97,-1,-1,-1
318,308,256,293,54,92,-1,-1,-1
318,316,780,249,41,110,-1,-1,-1
318,325,1252,424,28,76,-1,-1,-1
318,333,849,306,61,86,-1,-1,-1
318,336,372,309,64,84,-1,-1,-1
318,338,108,219,52,138,-1,-1,-1
318,339,222,214,65,166,-1,-1,-1
318,341,178,208,57,174,-1,-1,-1
318,347,1165,299,41,76,-1,-1,-1
319,284,420,124,298,586,-1,-1,-1
319,286,-36,230,203,481,-1,-1,-1
319,291,397,221,34,104,-1,-1,-1
319,300,1064,256,35,95,-1,-1,-1
319,303,1237,269,42,114,-1,-1,-1
319,305,810,246,36,94,-1,-1,-1
319,308,247,294,55,92,-1,-1,-1
319,316,760,249,42,112,-1,-1,-1
319,325,1258,433,27,74,-1,-1,-1
319,333,829,307,61,87,-1,-1,-1
319,336,359,310,64,84,-1,-1,-1
319,338,111,220,53,141,-1,-1,-1
319,339,217,221,63,162,-1,-1,-1
319,341,170,213,55,171,-1,-1,-1
319,347,1139,303,40,74,-1,-1,-1
319,348,877,319,71,82,-1,-1,-1
320,284,411,140,294,570,-1,-1,-1
320,286,-41,235,192,475,-1,-1,-1
320,291,384,225,33,102,-1,-1,-1
320,300,1038,263,33,88,-1,-1,-1
320,303,1262,275,42,113,-1,-1,-1
320,305,802,248,36,93,-1,-1,-1
320,308,244,296,54,89,-1,-1,-1
320,316,752,251,41,110,-1,-1,-1
320,322,1216,277,35,106,-1,-1,-1
320,333,808,312,59,84,-1,-1,-1
320,336,346,313,63,82,-1,-1,-1
320,338,96,225,45,123,-1,-1,-1
320,339,206,227,61,159,-1,-1,-1
320,341,160,217,54,167,-1,-1,-1
320,347,1111,307,40,73,-1,-1,-1
320,348,853,321,71,82,-1,-1,-1
321,284,405,152,295,558,-1,-1,-1
321,286,-43,230,184,480,-1,-1,-1
321,291,373,229,31,96,-1,-1,-1
321,300,1009,266,32,87,-1,-1,-1
321,322,1214,280,35,105,-1,-1,-1
321,333,786,313,58,82,-1,-1,-1
321,336,336,315,62,81,-1,-1,-1
321,338,88,225,47,130,-1,-1,-1
321,339,198,231,58,153,-1,-1,-1
321,341,155,222,51,163,-1,-1,-1
321,347,1082,310,40,72,-1,-1,-1
321,348,829,323,70,81,-1,-1,-1
321,355,1028,268,63,104,-1,-1,-1
321,356,1182,379,81,333,-1,-1,-1
322,284,403,147,303,565,-1,-1,-1
322,286,-39,219,172,467,-1,-1,-1
322,291,363,230,32,96,-1,-1,-1
322,300,982,267,32,89,-1,-1,-1
322,333,764,312,57,82,-1,-1,-1
322,336,327,316,58,77,-1,-1,-1
322,338,84,228,45,128,-1,-1,-1
322,339,192,234,56,151,-1,-1,-1
322,341,150,221,51,162,-1,-1,-1
322,347,1052,309,40,73,-1,-1,-1
322,348,807,323,69,80,-1,-1,-1
322,355,1001,269,61,103,-1,-1,-1
322,356,1165,327,95,386,-1,-1,-1
323,284,404,129,313,583,-1,-1,-1
323,286,-34,206,161,454,-1,-1,-1
323,287,333,255,181,453,-1,-1,-1
323,291,353,233,31,93,-1,-1,-1
323,300,956,267,31,87,-1,-1,-1
323,308,220,298,53,85,-1,-1,-1
323,333,743,313,55,79,-1,-1,-1
323,336,318,317,56,73,-1,-1,-1
323,338,82,231,42,124,-1,-1,-1
323,339,190,235,55,148,-1,-1,-1
323,341,147,224,49,157,-1,-1,-1
323,347,1025,309,39,71,-1,-1,-1
323,348,788,323,68,77,-1,-1,-1
323,355,975,268,59,100,-1,-1,-1
323,356,1150,310,102,402,-1,-1,-1
324,284,418,121,315,590,-1,-1,-1
324,286,-21,202,133,383,-1,-1,-1
324,287,309,270,172,442,-1,-1,-1
324,291,340,231,31,93,-1,-1,-1
324,300,932,264,33,91,-1,-1,-1
324,308,211,296,55,86,-1,-1,-1
324,333,724,314,53,76,-1,-1,-1
324,336,308,314,55,73,-1,-1,-1
324,338,78,232,40,121,-1,-1,-1
324,339,185,237,50,137,-1,-1,-1
324,341,140,227,45,148,-1,-1,-1
324,347,997,310,37,68,-1,-1,-1
324,348,770,322,66,74,-1,-1,-1
324,355,947,269,57,98,-1,-1,-1
324,356,1134,303,108,409,-1,-1,-1
325,284,418,111,319,600,-1,-1,-1
325,286,-16,204,115,342,-1,-1,-1
325,287,286,274,170,438,-1,-1,-1
325,291,326,230,29,88,-1,-1,-1
325,300,902,265,32,89,-1,-1,-1
325,308,195,293,53,82,-1,-1,-1
325,312,740,213,36,73,-1,-1,-1
325,333,709,314,52,75,-1,-1,-1
325,336,302,315,54,71,-1,-1,-1
325,338,69,230,39,117,-1,-1,-1
325,339,164,232,50,137,-1,-1,-1
325,341,130,224,44,145,-1,-1,-1
325,347,965,304,38,70,-1,-1,-1
325,348,751,323,64,73,-1,-1,-1
325,355,921,270,54,96,-1,-1,-1
325,356,1117,302,115,411,-1,-1,-1
326,284,411,104,323,607,-1,-1,-1
326,286,-13,228,102,311,-1,-1,-1
326,287,262,232,183,474,-1,-1,-1
326,291,307,231,28,83,-1,-1,-1
326,300,882,267,32,88,-1,-1,-1
326,308,178,289,52,80,-1,-1,-1
326,312,751,214,36,72,-1,-1,-1
326,316,712,216,28,74,-1,-1,-1
326,338,55,228,38,116,-1,-1,-1
326,339,150,229,48,135,-1,-1,-1
326,341,115,217,45,148,-1,-1,-1
326,347,930,301,37,69,-1,-1,-1
326,355,884,272,49,90,-1,-1,-1
326,356,1092,304,123,410,-1,-1,-1
327,284,406,106,320,604,-1,-1,-1
327,286,-5,289,84,258,-1,-1,-1
327,287,238,213,194,496,-1,-1,-1
327,291,288,230,25,74,-1,-1,-1
327,306,676,214,35,73,-1,-1,-1
327,308,170,288,51,78,-1,-1,-1
327,316,705,213,26,69,-1,-1,-1
327,338,51,229,38,115,-1,-1,-1
327,339,133,233,46,130,-1,-1,-1
327,341,101,222,42,139,-1,-1,-1
327,347,888,282,46,86,-1,-1,-1
327,355,847,266,50,94,-1,-1,-1
327,356,1065,305,130,409,-1,-1,-1
328,284,398,138,304,572,-1,-1,-1
328,286,-2,349,66,202,-1,-1,-1
328,287,210,212,197,496,-1,-1,-1
328,291,278,232,24,70,-1,-1,-1
328,300,814,276,30,83,-1,-1,-1
328,306,681,214,35,73,-1,-1,-1
328,338,23,236,35,107,-1,-1,-1
328,339,119,237,45,125,-1,-1,-1
328,341,84,225,41,137,-1,-1,-1
328,347,859,280,46,87,-1,-1,-1
328,355,819,265,50,93,-1,-1,-1
328,356,1026,305,137,409,-1,-1,-1
329,284,378,146,302,565,-1,-1,-1
329,286,-8,370,51,165,-1,-1,-1
329,287,181,216,202,497,-1,-1,-1
329,300,791,279,30,82,-1,-1,-1
329,305,762,279,33,83,-1,-1,-1
329,338,16,237,35,106,-1,-1,-1
329,339,110,239,44,122,-1,-1,-1
329,341,61,239,37,124,-1,-1,-1
329,356,980,292,146,423,-1,-1,-1
330,284,366,149,304,563,-1,-1,-1
330,286,-10,391,41,133,-1,-1,-1
330,287,149,218,208,498,-1,-1,-1
330,305,757,282,32,82,-1,-1,-1
330,339,71,242,44,124,-1,-1,-1
330,341,37,240,37,121,-1,-1,-1
330,356,934,291,151,423,-1,-1,-1
331,284,352,134,312,577,-1,-1,-1
331,287,114,222,211,495,-1,-1,-1
331,339,44,243,42,117,-1,-1,-1
331,341,10,232,37,122,-1,-1,-1
331,356,897,292,137,361,-1,-1,-1
332,284,335,120,319,591,-1,-1,-1
332,287,79,228,213,489,-1,-1,-1
332,305,735,287,29,73,-1,-1,-1
332,339,29,245,41,114,-1,-1,-1
332,341,1,235,33,110,-1,-1,-1
332,356,838,288,155,400,-1,-1,-1
333,284,320,104,329,606,-1,-1,-1
333,287,40,225,216,491,-1,-1,-1
333,305,728,290,28,71,-1,-1,-1
333,341,-11,237,32,106,-1,-1,-1
333,356,780,290,162,411,-1,-1,-1
333,401,1156,272,107,442,-1,-1,-1
334,284,310,106,329,604,-1,-1,-1
334,287,-2,218,215,496,-1,-1,-1
334,356,714,292,167,417,-1,-1,-1
334,401,1126,269,113,448,-1,-1,-1
335,284,304,130,322,582,-1,-1,-1
335,287,-33,220,204,491,-1,-1,-1
335,347,638,288,35,67,-1,-1,-1
335,356,658,293,169,418,-1,-1,-1
335,401,1085,268,118,448,-1,-1,-1
336,284,298,150,317,562,-1,-1,-1
336,287,-56,218,192,492,-1,-1,-1
336,347,608,287,35,67,-1,-1,-1
336,356,609,290,169,424,-1,-1,-1
336,401,1029,284,120,433,-1,-1,-1
337,284,284,158,320,558,-1,-1,-1
337,287,-85,217,193,493,-1,-1,-1
337,356,569,285,172,430,-1,-1,-1
337,401,971,289,122,423,-1,-1,-1
338,284,276,132,336,581,-1,-1,-1
338,401,914,287,115,376,-1,-1,-1
339,284,264,106,351,608,-1,-1,-1
339,401,845,277,133,420,-1,-1,-1
340,284,262,90,359,622,-1,-1,-1
340,401,786,266,143,443,-1,-1,-1
341,284,265,76,370,640,-1,-1,-1
341,401,730,256,151,457,-1,-1,-1
342,284,268,70,373,644,-1,-1,-1
342,401,678,248,157,465,-1,-1,-1
