x
-1 1
1 0.338 10
2 0.017204 0.806612
3 0.236 1.642
4 -0.123884 0.20293
5 0.000155 0.712298
6 0.001122 0.470257
7 0.244 1.641
8 -0.123586 0.179083
9 0.000152 0.710456
10 0.000975 0.470984
11 0.249 1.555
12 -0.135687 0.100858
13 0.000174 0.684173
14 0.000913 0.534174
15 0.258 1.561
16 -0.143408 0.100486
17 0.000179 0.685696
18 0.000888 0.536508
19 0.471 3.264
20 0.012809 0.703171
21 0.218 1.046
22 -0.094876 0.187459
23 1.5e-005 0.442057
24 0.001272 0.40803
25 0.222 1.042
26 -0.115772 0.162604
27 1.6e-005 0.444362
28 0.001374 0.40243
29 0.227 0.996
30 -0.117188 0.09832299999999999
31 3e-005 0.531903
32 0.001122 0.369589
33 0.228 0.99
34 -0.12243 0.098658
35 2.8e-005 0.530092
36 0.001118 0.370399
