2.1719758064515986 350.7875
1.287096774193543 309.225
3.0568548387096683 264.1
2.1719758064515986 201.16250000000002
11.905645161290309 154.85000000000002
18.984677419354824 139.41250000000002
53.49495967741936 120.41250000000001
56.149596774193554 123.97500000000001
0.4022177419354733 45.60000000000001
57.03447580645161 88.35000000000001
81.81108870967742 132.28750000000002
156.14092741935482 158.41250000000002
87.12036290322581 169.10000000000002
80.92620967741934 205.91250000000002
74.73205645161289 248.66250000000002
113.66673387096773 258.1625
91.54475806451612 222.53750000000002
60.57399193548386 217.78750000000002
-1.367540322580652 311.6
22.52419354838709 346.0375
57.919354838709666 346.0375
81.81108870967742 338.9125
88.89012096774192 293.7875
100.39354838709676 279.5375
141.9828629032258 278.35
163.21995967741935 233.22500000000002
187.99657258064514 217.78750000000002
217.19758064516128 266.475
300.37620967741935 334.1625
247.28346774193545 372.1625
213.658064516129 331.7875
238.43467741935484 302.1
259.6717741935484 292.6
231.35564516129034 277.1625
161.45020161290321 300.9125
141.09798387096774 315.1625
103.93306451612904 353.1625
78.27157258064514 380.4750000000001
34.027620967741925 385.2250000000001
50.840322580645164 340.1
124.28528225806451 359.1
195.0756048387097 360.2875
280.9088709677419 394.7250000000001
305.68548387096774 365.0375
275.5995967741935 337.725
310.10987903225805 359.1
316.3040322580645 365.0375
344.6201612903226 384.0375000000001
361.4328629032258 384.0375000000001
313.64939516129033 389.9750000000001
275.5995967741935 388.7875000000001
254.3625 348.4125
213.658064516129 289.0375
164.98971774193546 294.975
153.48629032258063 309.225
141.9828629032258 325.85
167.64435483870966 348.4125
244.62883064516126 367.4125
295.06693548387096 373.3500000000001
332.2318548387097 397.1000000000001
375.59092741935484 399.4750000000001
375.59092741935484 400.6625000000001
241.08931451612904 375.7250000000001
141.09798387096774 368.6
103.93306451612904 374.5375000000001
97.73891129032256 216.60000000000002
120.74576612903226 204.72500000000002
144.6375 208.28750000000002
167.64435483870966 242.72500000000002
