304.80060483870966 163.16250000000002
272.0600806451613 160.78750000000002
263.2112903225806 95.47500000000001
207.46391129032259 87.16250000000001
193.30584677419353 110.91250000000001
223.39173387096776 158.41250000000002
260.55665322580643 179.78750000000002
283.5635080645161 110.91250000000001
251.70786290322582 80.03750000000001
154.3711693548387 47.97500000000001
111.01209677419354 62.22500000000001
128.70967741935482 40.85000000000001
160.56532258064516 28.974999999999994
225.16149193548387 20.662499999999994
295.06693548387096 20.662499999999994
340.1957661290323 27.787499999999994
371.16653225806454 68.16250000000001
357.0084677419355 131.10000000000002
367.62701612903226 195.22500000000002
383.5548387096774 236.78750000000002
381.78508064516126 290.225
373.82116935483873 322.2875
352.58407258064517 299.725
296.8366935483871 268.85
283.5635080645161 247.47500000000002
257.90201612903223 198.78750000000002
206.5790322580645 166.72500000000002
177.37802419354836 153.66250000000002
149.06189516129032 115.66250000000001
119.86088709677418 90.72500000000001
93.31451612903226 78.85000000000001
84.46572580645162 50.35000000000001
73.84717741935484 43.22500000000001
119.86088709677418 28.974999999999994
172.06874999999997 28.974999999999994
227.81612903225806 31.35000000000001
231.35564516129034 31.35000000000001
252.59274193548384 65.78750000000001
282.6786290322581 119.22500000000001
260.55665322580643 171.47500000000002
256.1322580645161 175.03750000000002
249.05322580645162 138.22500000000002
259.6717741935484 131.10000000000002
322.49818548387094 114.47500000000001
330.4620967741935 84.78750000000001
306.5703629032258 63.41250000000001
281.79375 50.35000000000001
219.85221774193548 61.03750000000001
213.658064516129 75.28750000000001
214.5429435483871 103.78750000000001
280.0239919354839 108.53750000000001
310.99475806451613 84.78750000000001
328.6923387096774 59.85000000000001
348.1596774193548 42.03750000000001
366.7421370967742 36.10000000000001
394.1733870967742 13.537499999999994
382.66995967741934 50.35000000000001
382.66995967741934 110.91250000000001
383.5548387096774 147.72500000000002
383.5548387096774 183.35000000000002
381.78508064516126 201.16250000000002
371.16653225806454 230.85000000000002
357.89334677419356 266.475
341.9655241935484 299.725
341.0806451612903 308.0375
377.36068548387095 356.725
393.2885080645161 328.225
403.9070564516129 275.975
328.6923387096774 185.72500000000002
