125 358
128 402
132 445
137 490
151 532
178 566
216 595
260 616
304 622
347 612
388 591
426 563
452 526
466 482
470 437
474 392
477 345
150 332
171 312
200 304
230 307
259 319
315 314
345 299
377 294
410 300
434 319
289 350
290 382
291 413
292 444
258 458
275 462
294 467
313 460
331 454
184 358
201 344
224 345
245 363
224 368
201 368
339 358
358 337
381 335
401 349
383 359
360 361
214 493
245 489
274 488
295 489
316 485
346 483
381 484
351 524
321 540
299 543
277 542
246 530
223 495
275 499
296 499
317 496
372 487
319 523
298 526
276 525
