148 328
146 365
147 401
150 439
159 476
178 510
203 540
232 566
272 576
317 572
361 552
401 526
433 493
451 454
459 411
463 371
464 329
160 301
170 280
193 269
220 269
245 277
301 277
333 268
365 268
396 279
417 301
273 313
271 344
268 376
266 409
237 417
252 426
270 434
290 426
310 418
188 321
203 312
222 311
241 322
222 324
203 325
322 323
341 312
361 312
379 322
361 326
342 326
213 459
234 455
256 454
275 457
294 453
322 453
353 458
325 481
297 490
276 491
256 489
234 480
223 461
255 466
275 467
294 464
344 460
296 473
276 475
256 472
